1.000000000000000000e+00 4.269240082498915734e-01 8.547327898550725056e-01 4.528587029001225894e-01 8.379357175192394536e-01
2.000000000000000000e+00 3.744675042804980758e-01 8.779438405797101996e-01 3.970933988664658298e-01 8.655500226346762860e-01
3.000000000000000000e+00 3.697134851923903343e-01 8.779438405797101996e-01 3.956747078510686744e-01 8.646446355817112295e-01
4.000000000000000000e+00 3.649778603179109626e-01 8.838315217391304879e-01 3.838975924620975921e-01 8.759619737437754905e-01
5.000000000000000000e+00 3.629500492337077167e-01 8.830389492753623060e-01 3.817748442500275008e-01 8.687188773200543723e-01
6.000000000000000000e+00 3.640531670461168989e-01 8.839447463768116409e-01 3.912500802294935909e-01 8.723404255319149314e-01
7.000000000000000000e+00 3.582053289214129910e-01 8.846240942028985588e-01 3.798918364816815108e-01 8.723404255319149314e-01
8.000000000000000000e+00 3.555313146477957487e-01 8.840579710144927938e-01 3.840904605404999450e-01 8.700769578995020126e-01
9.000000000000000000e+00 3.533027125398311985e-01 8.879076086956522174e-01 3.762049214694838106e-01 8.741511996378451554e-01
1.000000000000000000e+01 3.500276289913122896e-01 8.871150362318840354e-01 3.762018110775108282e-01 8.705296514259845964e-01
1.100000000000000000e+01 3.492457562337011323e-01 8.873414855072463414e-01 3.752631196621651344e-01 8.723404255319149314e-01
1.200000000000000000e+01 3.484501272376990810e-01 8.875679347826086474e-01 3.748486253083841424e-01 8.691715708465368451e-01
1.300000000000000000e+01 3.479640595230879541e-01 8.887001811594202882e-01 3.730267183837521205e-01 8.709823449524671801e-01
1.400000000000000000e+01 3.460873104458503380e-01 8.866621376811594235e-01 3.740632883982940582e-01 8.718877320054323476e-01
1.500000000000000000e+01 3.462954483151525209e-01 8.868885869565217295e-01 3.769090211132963830e-01 8.705296514259845964e-01
1.600000000000000000e+01 3.455045314807174139e-01 8.879076086956522174e-01 3.730528755046025879e-01 8.736985061113625717e-01
1.700000000000000000e+01 3.447886285932353356e-01 8.867753623188405765e-01 3.708113336226238621e-01 8.736985061113625717e-01
1.800000000000000000e+01 3.436559119767994552e-01 8.897192028985507761e-01 3.739033361530920696e-01 8.750565866908103230e-01
1.900000000000000000e+01 3.439366673158118504e-01 8.880208333333333703e-01 3.741860315002877857e-01 8.741511996378451554e-01
2.000000000000000000e+01 3.442484391128912691e-01 8.888134057971014412e-01 3.729994385249216227e-01 8.736985061113625717e-01
2.100000000000000000e+01 3.430348946643446695e-01 8.890398550724637472e-01 3.733652273678689237e-01 8.746038931643277392e-01
2.200000000000000000e+01 3.420697890395179575e-01 8.885869565217391353e-01 3.749862691281500848e-01 8.732458125848799879e-01
2.300000000000000000e+01 3.417920146885410349e-01 8.905117753623188470e-01 3.715279464227421169e-01 8.727931190583975152e-01
2.400000000000000000e+01 3.407061728539174661e-01 8.908514492753623060e-01 3.727588228032460149e-01 8.741511996378451554e-01
2.500000000000000000e+01 3.421584884254380010e-01 8.889266304347825942e-01 3.712373235253022541e-01 8.746038931643277392e-01
2.600000000000000000e+01 3.412747318292320697e-01 8.896059782608695121e-01 3.769161107925353971e-01 8.746038931643277392e-01
2.700000000000000000e+01 3.457775338364613704e-01 8.843976449275362528e-01 3.793987347993151293e-01 8.637392485287460620e-01
2.800000000000000000e+01 3.428943637238684450e-01 8.865489130434782705e-01 3.781118013335525996e-01 8.673607967406066210e-01
2.900000000000000000e+01 3.405110253426880673e-01 8.885869565217391353e-01 3.745243105331561018e-01 8.727931190583975152e-01
3.000000000000000000e+01 3.429399315130111647e-01 8.871150362318840354e-01 3.776174965473722556e-01 8.700769578995020126e-01
3.100000000000000000e+01 3.401812330771001869e-01 8.885869565217391353e-01 3.750157044852538424e-01 8.714350384789497639e-01
3.200000000000000000e+01 3.404871643381646718e-01 8.901721014492753881e-01 3.738931607469349605e-01 8.727931190583975152e-01
3.300000000000000000e+01 3.399713957045394919e-01 8.877943840579710644e-01 3.752393086869105221e-01 8.732458125848799879e-01
3.400000000000000000e+01 3.394835630935921222e-01 8.892663043478260532e-01 3.728920290905994306e-01 8.741511996378451554e-01
3.500000000000000000e+01 3.394667925676781439e-01 8.896059782608695121e-01 3.740923328238934253e-01 8.718877320054323476e-01
3.600000000000000000e+01 3.437953000655437075e-01 8.863224637681159646e-01 3.841648248439353819e-01 8.678134902670892048e-01
3.700000000000000000e+01 3.400741560759817372e-01 8.911911231884057649e-01 3.713620321305731165e-01 8.755092802172929067e-01
3.800000000000000000e+01 3.376731188835143116e-01 8.913043478260869179e-01 3.719256302665821523e-01 8.750565866908103230e-01
3.900000000000000000e+01 3.400751979307161665e-01 8.877943840579710644e-01 3.803867541044662071e-01 8.718877320054323476e-01
4.000000000000000000e+01 3.440897504625103909e-01 8.872282608695651884e-01 3.865330929015440842e-01 8.696242643730194288e-01
4.100000000000000000e+01 3.378774771911765562e-01 8.911911231884057649e-01 3.708250266118265914e-01 8.768673607967406580e-01
4.200000000000000000e+01 3.359017747298307377e-01 8.913043478260869179e-01 3.725913683406906762e-01 8.768673607967406580e-01
4.300000000000000000e+01 3.389313120614845243e-01 8.889266304347825942e-01 3.781663665277139041e-01 8.755092802172929067e-01
4.400000000000000000e+01 3.360338251340102000e-01 8.920969202898550998e-01 3.709973410091705892e-01 8.804889090086012171e-01
4.500000000000000000e+01 3.394787773430030797e-01 8.864356884057971175e-01 3.783619344884157631e-01 8.691715708465368451e-01
4.600000000000000000e+01 3.420250761178594834e-01 8.867753623188405765e-01 3.839618529261824564e-01 8.682661837935717886e-01
4.700000000000000000e+01 3.356683395145212412e-01 8.922101449275362528e-01 3.717741043189470296e-01 8.741511996378451554e-01
4.800000000000000000e+01 3.344236535959166368e-01 8.910778985507246119e-01 3.727299342132306403e-01 8.755092802172929067e-01
4.900000000000000000e+01 3.388411764045367591e-01 8.896059782608695121e-01 3.782714239159647995e-01 8.750565866908103230e-01
5.000000000000000000e+01 3.447974963785953584e-01 8.849637681159420177e-01 3.854155833038723777e-01 8.673607967406066210e-01
5.100000000000000000e+01 3.343546790471154662e-01 8.933423913043477826e-01 3.696245955336091016e-01 8.786781349026708821e-01
5.200000000000000000e+01 3.345046193260621803e-01 8.905117753623188470e-01 3.755151187770893739e-01 8.773200543232231308e-01
5.300000000000000000e+01 3.362612554256502184e-01 8.890398550724637472e-01 3.784238104859216079e-01 8.768673607967406580e-01
5.400000000000000000e+01 3.400636547987490044e-01 8.884737318840579823e-01 3.848301246517745744e-01 8.714350384789497639e-01
5.500000000000000000e+01 3.434330541626021138e-01 8.879076086956522174e-01 3.893049251694601365e-01 8.709823449524671801e-01
5.600000000000000000e+01 3.343371183811172376e-01 8.924365942028985588e-01 3.755728149598029364e-01 8.741511996378451554e-01
5.700000000000000000e+01 3.364324096147403020e-01 8.905117753623188470e-01 3.821427697777626253e-01 8.746038931643277392e-01
5.800000000000000000e+01 3.361318408259899582e-01 8.901721014492753881e-01 3.762433426964803540e-01 8.736985061113625717e-01
5.900000000000000000e+01 3.311077135014052764e-01 8.926630434782608647e-01 3.740767481903477520e-01 8.764146672702580743e-01
6.000000000000000000e+01 3.342233299160292659e-01 8.957201086956522174e-01 3.697372591355920779e-01 8.791308284291534658e-01
6.100000000000000000e+01 3.311010922694496705e-01 8.932291666666666297e-01 3.727644487427363984e-01 8.786781349026708821e-01
6.200000000000000000e+01 3.335432187003710136e-01 8.901721014492753881e-01 3.776257389547909016e-01 8.741511996378451554e-01
6.300000000000000000e+01 3.319505899699913276e-01 8.928894927536231707e-01 3.769595885823551207e-01 8.773200543232231308e-01
6.400000000000000000e+01 3.345554579478709489e-01 8.898324275362319291e-01 3.793164235832748865e-01 8.732458125848799879e-01
6.500000000000000000e+01 3.359944140830402604e-01 8.892663043478260532e-01 3.760391976941510062e-01 8.727931190583975152e-01
6.600000000000000000e+01 3.346165713347937776e-01 8.919836956521739468e-01 3.774007506631782971e-01 8.750565866908103230e-01
6.700000000000000000e+01 3.329055814593973039e-01 8.916440217391304879e-01 3.808770821610656943e-01 8.764146672702580743e-01
6.800000000000000000e+01 3.306463480126641818e-01 8.948143115942028825e-01 3.731217973213874495e-01 8.777727478497057145e-01
6.900000000000000000e+01 3.363323885865954210e-01 8.892663043478260532e-01 3.816440135626638641e-01 8.691715708465368451e-01
7.000000000000000000e+01 3.296971846595090905e-01 8.949275362318840354e-01 3.709311826719960403e-01 8.795835219556360496e-01
7.100000000000000000e+01 3.354321260900125501e-01 8.920969202898550998e-01 3.820874401059217718e-01 8.755092802172929067e-01
7.200000000000000000e+01 3.326813463606637100e-01 8.930027173913043237e-01 3.738797115433527551e-01 8.782254413761882983e-01
7.300000000000000000e+01 3.274699690791914031e-01 8.951539855072463414e-01 3.690473701798657746e-01 8.827523766410140249e-01
7.400000000000000000e+01 3.306733876484707069e-01 8.918704710144927938e-01 3.781468209598383146e-01 8.773200543232231308e-01
7.500000000000000000e+01 3.360971648683160895e-01 8.900588768115942351e-01 3.809146151839257755e-01 8.727931190583975152e-01
7.600000000000000000e+01 3.305806358445042559e-01 8.920969202898550998e-01 3.736549996921220140e-01 8.786781349026708821e-01
7.700000000000000000e+01 3.274856774647045832e-01 8.956068840579710644e-01 3.722802142515878043e-01 8.786781349026708821e-01
7.800000000000000000e+01 3.259510453794874918e-01 8.965126811594202882e-01 3.657233124272012414e-01 8.822996831145314411e-01
7.900000000000000000e+01 3.290500533545338557e-01 8.966259057971014412e-01 3.710248985501902741e-01 8.800362154821186333e-01
8.000000000000000000e+01 3.258420268518809615e-01 8.970788043478260532e-01 3.660310501212031831e-01 8.800362154821186333e-01
8.100000000000000000e+01 3.257397350818488913e-01 8.979846014492753881e-01 3.678699784804976280e-01 8.782254413761882983e-01
8.200000000000000000e+01 3.275797525426337731e-01 8.939085144927536586e-01 3.723691973035553326e-01 8.786781349026708821e-01
8.300000000000000000e+01 3.359177840512345137e-01 8.916440217391304879e-01 3.818367003038337648e-01 8.732458125848799879e-01
8.400000000000000000e+01 3.359928181042551865e-01 8.899456521739130821e-01 3.854500864146634953e-01 8.705296514259845964e-01
8.500000000000000000e+01 3.312698705723722825e-01 8.917572463768116409e-01 3.798384280710267458e-01 8.727931190583975152e-01
8.600000000000000000e+01 3.243633761967067985e-01 8.971920289855072062e-01 3.690764880055363850e-01 8.804889090086012171e-01
8.700000000000000000e+01 3.285298143619199696e-01 8.933423913043477826e-01 3.791676426090347940e-01 8.782254413761882983e-01
8.800000000000000000e+01 3.245197803513305557e-01 8.977581521739130821e-01 3.710986706864589646e-01 8.822996831145314411e-01
8.900000000000000000e+01 3.262000568437727344e-01 8.968523550724637472e-01 3.703005050765177386e-01 8.804889090086012171e-01
9.000000000000000000e+01 3.238598780689956325e-01 8.965126811594202882e-01 3.677915125271480901e-01 8.836577636939791924e-01
9.100000000000000000e+01 3.284024071868059114e-01 8.945878623188405765e-01 3.741248798023402711e-01 8.777727478497057145e-01
9.200000000000000000e+01 3.258441603723479796e-01 8.937952898550725056e-01 3.701333890279802086e-01 8.782254413761882983e-01
9.300000000000000000e+01 3.243832884590304166e-01 8.947010869565217295e-01 3.704659332749558054e-01 8.818469895880488574e-01
9.400000000000000000e+01 3.305055121089560122e-01 8.935688405797101996e-01 3.801419728407591792e-01 8.764146672702580743e-01
9.500000000000000000e+01 3.237732528844660118e-01 8.973052536231883591e-01 3.716231750108112131e-01 8.832050701674966087e-01
9.600000000000000000e+01 3.284832903515659264e-01 8.952672101449274944e-01 3.782595506863037915e-01 8.764146672702580743e-01
9.700000000000000000e+01 3.245805843936015456e-01 8.969655797101449002e-01 3.696916884427633998e-01 8.786781349026708821e-01
9.800000000000000000e+01 3.284648028541899412e-01 8.945878623188405765e-01 3.767540132948469234e-01 8.768673607967406580e-01
9.900000000000000000e+01 3.223390453253475729e-01 8.979846014492753881e-01 3.691696065756074341e-01 8.786781349026708821e-01
1.000000000000000000e+02 3.287779391737100099e-01 8.948143115942028825e-01 3.774395018944372571e-01 8.764146672702580743e-01
1.010000000000000000e+02 3.264652118781062318e-01 8.965126811594202882e-01 3.720541816844201155e-01 8.764146672702580743e-01
1.020000000000000000e+02 3.232258680403559126e-01 8.985507246376811530e-01 3.689929575749136270e-01 8.795835219556360496e-01
1.030000000000000000e+02 3.259675699770949731e-01 8.958333333333333703e-01 3.753575401292332248e-01 8.782254413761882983e-01
1.040000000000000000e+02 3.295075351619055071e-01 8.957201086956522174e-01 3.814411092318839569e-01 8.764146672702580743e-01
1.050000000000000000e+02 3.237853207909283659e-01 8.963994565217391353e-01 3.746844429883540162e-01 8.832050701674966087e-01
1.060000000000000000e+02 3.195289606092936441e-01 8.992300724637680709e-01 3.642905226856134604e-01 8.818469895880488574e-01
1.070000000000000000e+02 3.274998995890773812e-01 8.945878623188405765e-01 3.796490408549099693e-01 8.755092802172929067e-01
1.080000000000000000e+02 3.235938191157164412e-01 8.967391304347825942e-01 3.707812766518381320e-01 8.755092802172929067e-01
1.090000000000000000e+02 3.299115896497890055e-01 8.939085144927536586e-01 3.737120340337838353e-01 8.750565866908103230e-01
1.100000000000000000e+02 3.263485324100195428e-01 8.937952898550725056e-01 3.753675730320220061e-01 8.732458125848799879e-01
1.110000000000000000e+02 3.246058792384128311e-01 8.962862318840579823e-01 3.686801241735551127e-01 8.782254413761882983e-01
1.120000000000000000e+02 3.269493273387327203e-01 8.930027173913043237e-01 3.725088749164374158e-01 8.727931190583975152e-01
1.130000000000000000e+02 3.260398009850942191e-01 8.944746376811594235e-01 3.739698174304799672e-01 8.755092802172929067e-01
1.140000000000000000e+02 3.215718015629603910e-01 8.973052536231883591e-01 3.702697184149428278e-01 8.813942960615662736e-01
1.150000000000000000e+02 3.235441838226150724e-01 8.966259057971014412e-01 3.703327255929373951e-01 8.795835219556360496e-01
1.160000000000000000e+02 3.339434586294149909e-01 8.924365942028985588e-01 3.892164574868839377e-01 8.736985061113625717e-01
1.170000000000000000e+02 3.185497820155512305e-01 9.000226449275362528e-01 3.633179661627916057e-01 8.813942960615662736e-01
1.180000000000000000e+02 3.192106572539515907e-01 8.995697463768116409e-01 3.632617582801658807e-01 8.841104572204617762e-01
1.190000000000000000e+02 3.290498115296763282e-01 8.940217391304348116e-01 3.857782905433571052e-01 8.736985061113625717e-01
1.200000000000000000e+02 3.203087116734277817e-01 8.965126811594202882e-01 3.678374570927630538e-01 8.809416025350838009e-01
1.210000000000000000e+02 3.427701993802691471e-01 8.884737318840579823e-01 3.964534784735598838e-01 8.669081032141240373e-01
1.220000000000000000e+02 3.199356518708040831e-01 8.996829710144927938e-01 3.681083214257397929e-01 8.791308284291534658e-01
1.230000000000000000e+02 3.187990133879081700e-01 8.973052536231883591e-01 3.674374056511822695e-01 8.800362154821186333e-01
1.240000000000000000e+02 3.227474592420654376e-01 8.975317028985507761e-01 3.705895990709301424e-01 8.813942960615662736e-01
1.250000000000000000e+02 3.164258477817288306e-01 9.001358695652174058e-01 3.611670892931025389e-01 8.854685377999094165e-01
1.260000000000000000e+02 3.201266416356906563e-01 8.956068840579710644e-01 3.700856174310292457e-01 8.764146672702580743e-01
1.270000000000000000e+02 3.257086955310193876e-01 8.959465579710145233e-01 3.729120288160682195e-01 8.782254413761882983e-01
1.280000000000000000e+02 3.291761206016114438e-01 8.932291666666666297e-01 3.822966585054202171e-01 8.741511996378451554e-01
1.290000000000000000e+02 3.183870324630228565e-01 8.980978260869565410e-01 3.616893024926042810e-01 8.782254413761882983e-01
1.300000000000000000e+02 3.148019856727901633e-01 9.005887681159420177e-01 3.623380481104537809e-01 8.836577636939791924e-01
1.310000000000000000e+02 3.205744121708785088e-01 8.962862318840579823e-01 3.719763247204357359e-01 8.764146672702580743e-01
1.320000000000000000e+02 3.154513239271332092e-01 8.995697463768116409e-01 3.652607959389181369e-01 8.813942960615662736e-01
1.330000000000000000e+02 3.172068825548010063e-01 8.992300724637680709e-01 3.699775443424168642e-01 8.809416025350838009e-01
1.340000000000000000e+02 3.145706689032888304e-01 9.009284420289854767e-01 3.657224886184714530e-01 8.809416025350838009e-01
1.350000000000000000e+02 3.157369134803189592e-01 8.995697463768116409e-01 3.648108511368386431e-01 8.818469895880488574e-01
1.360000000000000000e+02 3.134560941898862363e-01 9.002490942028985588e-01 3.597071271792565139e-01 8.791308284291534658e-01
1.370000000000000000e+02 3.125810533004853564e-01 9.008152173913043237e-01 3.650436371051773432e-01 8.813942960615662736e-01
1.380000000000000000e+02 3.157553591798277770e-01 8.992300724637680709e-01 3.612166446367078287e-01 8.818469895880488574e-01
1.390000000000000000e+02 3.214789677161971060e-01 8.963994565217391353e-01 3.699454642742582844e-01 8.795835219556360496e-01
1.400000000000000000e+02 3.151388092811739927e-01 8.986639492753623060e-01 3.632300249969402373e-01 8.813942960615662736e-01
1.410000000000000000e+02 3.124176339260126833e-01 9.014945652173913526e-01 3.636770641640486024e-01 8.832050701674966087e-01
1.420000000000000000e+02 3.168889341293082973e-01 8.976449275362319291e-01 3.691760116354427246e-01 8.822996831145314411e-01
1.430000000000000000e+02 3.146004800711072469e-01 8.995697463768116409e-01 3.604901853874313278e-01 8.809416025350838009e-01
1.440000000000000000e+02 3.132668127128302449e-01 9.007019927536231707e-01 3.644744559441389087e-01 8.804889090086012171e-01
1.450000000000000000e+02 3.111980618404218690e-01 9.003623188405797118e-01 3.610883917113122954e-01 8.813942960615662736e-01
1.460000000000000000e+02 3.227353134828764292e-01 8.959465579710145233e-01 3.768213059964877210e-01 8.773200543232231308e-01
1.470000000000000000e+02 3.172063666948037874e-01 8.982110507246376940e-01 3.656495151529700061e-01 8.804889090086012171e-01
1.480000000000000000e+02 3.127942530425874001e-01 8.997961956521739468e-01 3.676341572476202191e-01 8.818469895880488574e-01
1.490000000000000000e+02 3.142528668627428412e-01 8.985507246376811530e-01 3.657360038113067202e-01 8.782254413761882983e-01
1.500000000000000000e+02 3.202257890105784099e-01 8.978713768115942351e-01 3.711401519729294329e-01 8.764146672702580743e-01
1.510000000000000000e+02 3.138149779409605822e-01 8.980978260869565410e-01 3.610756307405673660e-01 8.804889090086012171e-01
1.520000000000000000e+02 3.118764534234926833e-01 9.007019927536231707e-01 3.666049645298876114e-01 8.818469895880488574e-01
1.530000000000000000e+02 3.187114879587190086e-01 8.980978260869565410e-01 3.716007755498582643e-01 8.795835219556360496e-01
1.540000000000000000e+02 3.123243849078116141e-01 8.988903985507246119e-01 3.658772156157867328e-01 8.818469895880488574e-01
1.550000000000000000e+02 3.089396485323238073e-01 8.999094202898550998e-01 3.634698472595818131e-01 8.845631507469443600e-01
1.560000000000000000e+02 3.135400506594123726e-01 9.018342391304348116e-01 3.598983953119310186e-01 8.809416025350838009e-01
1.570000000000000000e+02 3.157271464279748918e-01 8.979846014492753881e-01 3.676062879477652312e-01 8.822996831145314411e-01
1.580000000000000000e+02 3.136319930504873343e-01 8.983242753623188470e-01 3.667246861512013512e-01 8.759619737437754905e-01
1.590000000000000000e+02 3.076466123395420471e-01 9.017210144927536586e-01 3.623963796668610016e-01 8.841104572204617762e-01
1.600000000000000000e+02 3.089193320222404227e-01 9.012681159420289356e-01 3.585367406390214673e-01 8.841104572204617762e-01
1.610000000000000000e+02 3.179633448922979944e-01 8.976449275362319291e-01 3.731230653609854953e-01 8.759619737437754905e-01
1.620000000000000000e+02 3.197841347490418262e-01 8.969655797101449002e-01 3.772245523894224295e-01 8.727931190583975152e-01
1.630000000000000000e+02 3.256758179684624555e-01 8.944746376811594235e-01 3.818989268243163093e-01 8.705296514259845964e-01
1.640000000000000000e+02 3.126094001890258878e-01 8.985507246376811530e-01 3.664468871483580470e-01 8.800362154821186333e-01
1.650000000000000000e+02 3.099374285021848641e-01 9.014945652173913526e-01 3.603423413489711402e-01 8.809416025350838009e-01
1.660000000000000000e+02 3.071569588974808473e-01 9.008152173913043237e-01 3.611487148583447104e-01 8.822996831145314411e-01
1.670000000000000000e+02 3.101443503616526098e-01 8.999094202898550998e-01 3.744301640969388556e-01 8.786781349026708821e-01
1.680000000000000000e+02 3.082994210608017704e-01 8.999094202898550998e-01 3.651298078484808696e-01 8.827523766410140249e-01
1.690000000000000000e+02 3.103541260662303070e-01 8.990036231884057649e-01 3.607621034021262219e-01 8.809416025350838009e-01
1.700000000000000000e+02 3.152064222766756130e-01 8.983242753623188470e-01 3.673297500369257507e-01 8.768673607967406580e-01
1.710000000000000000e+02 3.073860487755804560e-01 9.034193840579710644e-01 3.645807046014453157e-01 8.850158442734269437e-01
1.720000000000000000e+02 3.077952217295568116e-01 9.002490942028985588e-01 3.612262449202398584e-01 8.809416025350838009e-01
1.730000000000000000e+02 3.082484994822772273e-01 9.026268115942028825e-01 3.573730600361816334e-01 8.850158442734269437e-01
1.740000000000000000e+02 3.085207740289881984e-01 9.003623188405797118e-01 3.613753562106764572e-01 8.836577636939791924e-01
1.750000000000000000e+02 3.195601541022689562e-01 8.970788043478260532e-01 3.795138121707441470e-01 8.750565866908103230e-01
1.760000000000000000e+02 3.163333518138207734e-01 8.980978260869565410e-01 3.754290239894672032e-01 8.746038931643277392e-01
1.770000000000000000e+02 3.083685216656802952e-01 9.001358695652174058e-01 3.632394595203372045e-01 8.818469895880488574e-01
1.780000000000000000e+02 3.105418099502280094e-01 8.982110507246376940e-01 3.639897743188932333e-01 8.800362154821186333e-01
1.790000000000000000e+02 3.147087143863964154e-01 8.982110507246376940e-01 3.696743303829213567e-01 8.804889090086012171e-01
1.800000000000000000e+02 3.077829786279374091e-01 9.007019927536231707e-01 3.617947636023928770e-01 8.827523766410140249e-01
1.810000000000000000e+02 3.052567308271925683e-01 9.021739130434782705e-01 3.592361036908957028e-01 8.850158442734269437e-01
1.820000000000000000e+02 3.074277288281162535e-01 8.999094202898550998e-01 3.597005275183123296e-01 8.832050701674966087e-01
1.830000000000000000e+02 3.191689245792057039e-01 8.978713768115942351e-01 3.720847292878431412e-01 8.741511996378451554e-01
1.840000000000000000e+02 3.136703813019418585e-01 8.993432971014492239e-01 3.703479433346635874e-01 8.759619737437754905e-01
1.850000000000000000e+02 3.056774076488353309e-01 9.039855072463768293e-01 3.581422766707448857e-01 8.827523766410140249e-01
1.860000000000000000e+02 3.053954552493567398e-01 9.014945652173913526e-01 3.587322994706461654e-01 8.827523766410140249e-01
1.870000000000000000e+02 3.088477042838884690e-01 9.002490942028985588e-01 3.656843057855878043e-01 8.768673607967406580e-01
1.880000000000000000e+02 3.174023686223685359e-01 8.973052536231883591e-01 3.699157358483011193e-01 8.764146672702580743e-01
1.890000000000000000e+02 3.105501098719952724e-01 8.990036231884057649e-01 3.648237728374331690e-01 8.786781349026708821e-01
1.900000000000000000e+02 3.065235126037670343e-01 9.018342391304348116e-01 3.620252984889046899e-01 8.832050701674966087e-01
1.910000000000000000e+02 3.081481127173152368e-01 9.018342391304348116e-01 3.644802480049997295e-01 8.818469895880488574e-01
1.920000000000000000e+02 3.183374192914803502e-01 8.952672101449274944e-01 3.770494715227050153e-01 8.691715708465368451e-01
1.930000000000000000e+02 3.076050537839452037e-01 9.014945652173913526e-01 3.689246901495352726e-01 8.813942960615662736e-01
1.940000000000000000e+02 3.052214246347573212e-01 9.010416666666666297e-01 3.606959979256236237e-01 8.845631507469443600e-01
1.950000000000000000e+02 3.081450251083780456e-01 9.008152173913043237e-01 3.682317510663827842e-01 8.791308284291534658e-01
1.960000000000000000e+02 3.079368159995883314e-01 9.001358695652174058e-01 3.608581351176167185e-01 8.800362154821186333e-01
1.970000000000000000e+02 3.094791696481855037e-01 9.009284420289854767e-01 3.630622805075734982e-01 8.764146672702580743e-01
1.980000000000000000e+02 3.014928404363697578e-01 9.059103260869565410e-01 3.552240825705899052e-01 8.859212313263920002e-01
1.990000000000000000e+02 3.105242104041139317e-01 8.992300724637680709e-01 3.655479584748685395e-01 8.764146672702580743e-01
2.000000000000000000e+02 3.127067507645298616e-01 9.003623188405797118e-01 3.666025310307981511e-01 8.736985061113625717e-01
2.010000000000000000e+02 3.180960629164740761e-01 8.940217391304348116e-01 3.737000237277954828e-01 8.732458125848799879e-01
2.020000000000000000e+02 3.075603114029714646e-01 9.009284420289854767e-01 3.621632720119475346e-01 8.818469895880488574e-01
2.030000000000000000e+02 3.058809678598097825e-01 9.021739130434782705e-01 3.616770815731434330e-01 8.782254413761882983e-01
2.040000000000000000e+02 3.025156786890862426e-01 9.054574275362319291e-01 3.569804800757928609e-01 8.809416025350838009e-01
2.050000000000000000e+02 3.040210775563056966e-01 9.036458333333333703e-01 3.635767022707558915e-01 8.832050701674966087e-01
2.060000000000000000e+02 3.014224751273590908e-01 9.040987318840579823e-01 3.594344135761389780e-01 8.832050701674966087e-01
2.070000000000000000e+02 3.078987023586824967e-01 9.005887681159420177e-01 3.651665394977447465e-01 8.773200543232231308e-01
2.080000000000000000e+02 3.063253050440845615e-01 9.031929347826086474e-01 3.635551014243059154e-01 8.818469895880488574e-01
2.090000000000000000e+02 3.044094379778078951e-01 9.036458333333333703e-01 3.577899387101530215e-01 8.832050701674966087e-01
2.100000000000000000e+02 3.032259199114157311e-01 9.046648550724637472e-01 3.577271557960124970e-01 8.841104572204617762e-01
2.110000000000000000e+02 3.026850479780645031e-01 9.050045289855072062e-01 3.552223508386136430e-01 8.813942960615662736e-01
2.120000000000000000e+02 3.031094061977883669e-01 9.033061594202898004e-01 3.582795550150952857e-01 8.822996831145314411e-01
2.130000000000000000e+02 3.061044159997529657e-01 9.017210144927536586e-01 3.657592583137473374e-01 8.822996831145314411e-01
2.140000000000000000e+02 3.023107206253397572e-01 9.054574275362319291e-01 3.582867315789322049e-01 8.841104572204617762e-01
2.150000000000000000e+02 3.035403612262165818e-01 9.026268115942028825e-01 3.585425391341147128e-01 8.836577636939791924e-01
2.160000000000000000e+02 3.037251030161089993e-01 9.026268115942028825e-01 3.637603344685082507e-01 8.786781349026708821e-01
2.170000000000000000e+02 2.996892770691956809e-01 9.073822463768116409e-01 3.582501419026525302e-01 8.854685377999094165e-01
2.180000000000000000e+02 3.044817349154350095e-01 9.028532608695651884e-01 3.627260772892598184e-01 8.786781349026708821e-01
2.190000000000000000e+02 3.102722515963649563e-01 8.986639492753623060e-01 3.663361061890442194e-01 8.764146672702580743e-01
2.200000000000000000e+02 3.013373039244654494e-01 9.034193840579710644e-01 3.596248248186989516e-01 8.818469895880488574e-01
2.210000000000000000e+02 2.988818297964640491e-01 9.079483695652174058e-01 3.584378195317448057e-01 8.845631507469443600e-01
2.220000000000000000e+02 3.090302167542221534e-01 8.994565217391304879e-01 3.683517368332316910e-01 8.755092802172929067e-01
2.230000000000000000e+02 3.105298513309915354e-01 8.991168478260869179e-01 3.738843158781706699e-01 8.777727478497057145e-01
2.240000000000000000e+02 3.054577322098646630e-01 9.013813405797101996e-01 3.623000486908912743e-01 8.786781349026708821e-01
2.250000000000000000e+02 3.013241187464237858e-01 9.053442028985507761e-01 3.627571459500614215e-01 8.818469895880488574e-01
2.260000000000000000e+02 3.015882469811070332e-01 9.085144927536231707e-01 3.551193418081608488e-01 8.845631507469443600e-01
2.270000000000000000e+02 3.106823567573188116e-01 8.982110507246376940e-01 3.725680130441358373e-01 8.746038931643277392e-01
2.280000000000000000e+02 3.021227844908349058e-01 9.037590579710145233e-01 3.626385287183238604e-01 8.818469895880488574e-01
2.290000000000000000e+02 3.017403025586722909e-01 9.051177536231883591e-01 3.617889476589340458e-01 8.827523766410140249e-01
2.300000000000000000e+02 3.080821672950833090e-01 9.014945652173913526e-01 3.698012801637418079e-01 8.759619737437754905e-01
2.310000000000000000e+02 2.998109213549753349e-01 9.054574275362319291e-01 3.610004046461313676e-01 8.818469895880488574e-01
2.320000000000000000e+02 2.976344192870865601e-01 9.057971014492753881e-01 3.581341148243099570e-01 8.832050701674966087e-01
2.330000000000000000e+02 3.116436382670688121e-01 8.985507246376811530e-01 3.739196603566161681e-01 8.750565866908103230e-01
2.340000000000000000e+02 3.036114068463007243e-01 9.024003623188405765e-01 3.603000335538734111e-01 8.800362154821186333e-01
2.350000000000000000e+02 3.071828263064187436e-01 9.022871376811594235e-01 3.724147292951570098e-01 8.755092802172929067e-01
2.360000000000000000e+02 3.168119479156167873e-01 8.978713768115942351e-01 3.818395746568313820e-01 8.750565866908103230e-01
2.370000000000000000e+02 3.027528153634309049e-01 9.036458333333333703e-01 3.590088505844139521e-01 8.791308284291534658e-01
2.380000000000000000e+02 3.011084567853436478e-01 9.035326086956522174e-01 3.630913704451738111e-01 8.822996831145314411e-01
2.390000000000000000e+02 3.076470777848581140e-01 9.003623188405797118e-01 3.708298301080561465e-01 8.764146672702580743e-01
2.400000000000000000e+02 3.204928995988370888e-01 8.970788043478260532e-01 3.953137969116481965e-01 8.736985061113625717e-01
2.410000000000000000e+02 3.051009894864412098e-01 9.025135869565217295e-01 3.670618533126615013e-01 8.822996831145314411e-01
2.420000000000000000e+02 2.989278307396487921e-01 9.053442028985507761e-01 3.599734976664384911e-01 8.868266183793571678e-01
2.430000000000000000e+02 3.111527279340388641e-01 8.997961956521739468e-01 3.788382646829909772e-01 8.773200543232231308e-01
2.440000000000000000e+02 3.128635186087468378e-01 8.982110507246376940e-01 3.775896594159718345e-01 8.764146672702580743e-01
2.450000000000000000e+02 3.030350280304556776e-01 9.017210144927536586e-01 3.648109570947944968e-01 8.822996831145314411e-01
2.460000000000000000e+02 3.089176692932038004e-01 8.987771739130434590e-01 3.744216259290499837e-01 8.750565866908103230e-01
2.470000000000000000e+02 3.016179603815228316e-01 9.040987318840579823e-01 3.596059014015097755e-01 8.822996831145314411e-01
2.480000000000000000e+02 3.042378996494176091e-01 9.027400362318840354e-01 3.661148948877138709e-01 8.827523766410140249e-01
2.490000000000000000e+02 3.032872524497254862e-01 9.029664855072463414e-01 3.669525942180899558e-01 8.809416025350838009e-01
2.500000000000000000e+02 3.062812353141947108e-01 9.014945652173913526e-01 3.621468749978991042e-01 8.777727478497057145e-01
2.510000000000000000e+02 3.058394299872663202e-01 9.013813405797101996e-01 3.640173741285824272e-01 8.795835219556360496e-01
2.520000000000000000e+02 3.054404386146356565e-01 9.004755434782608647e-01 3.642768941862039034e-01 8.777727478497057145e-01
2.530000000000000000e+02 3.050565641822132745e-01 9.034193840579710644e-01 3.623350420638684066e-01 8.804889090086012171e-01
2.540000000000000000e+02 3.025725721087942355e-01 9.035326086956522174e-01 3.622309089130958393e-01 8.827523766410140249e-01
2.550000000000000000e+02 3.013585194177014759e-01 9.042119565217391353e-01 3.647180737591669830e-01 8.841104572204617762e-01
2.560000000000000000e+02 3.010195863243265713e-01 9.040987318840579823e-01 3.626581312604983398e-01 8.809416025350838009e-01
2.570000000000000000e+02 3.004244022508943956e-01 9.040987318840579823e-01 3.603244895628428535e-01 8.822996831145314411e-01
2.580000000000000000e+02 2.975922702713437729e-01 9.062500000000000000e-01 3.587489133229250227e-01 8.845631507469443600e-01
2.590000000000000000e+02 3.036768746182746392e-01 9.010416666666666297e-01 3.652876056805713367e-01 8.782254413761882983e-01
2.600000000000000000e+02 3.009195183576841015e-01 9.036458333333333703e-01 3.604989957229922104e-01 8.818469895880488574e-01
2.610000000000000000e+02 2.985765782510175215e-01 9.057971014492753881e-01 3.595848347940888701e-01 8.854685377999094165e-01
2.620000000000000000e+02 3.039650609020137506e-01 9.030797101449274944e-01 3.737339907087077751e-01 8.809416025350838009e-01
2.630000000000000000e+02 2.996157093703287755e-01 9.047780797101449002e-01 3.656177288483343224e-01 8.782254413761882983e-01
2.640000000000000000e+02 2.991709594866856503e-01 9.067028985507246119e-01 3.582171357466629180e-01 8.836577636939791924e-01
2.650000000000000000e+02 3.022415096297593751e-01 9.043251811594202882e-01 3.606441973737766205e-01 8.822996831145314411e-01
2.660000000000000000e+02 2.971571668298861324e-01 9.073822463768116409e-01 3.533497191866569187e-01 8.881846989588049190e-01
2.670000000000000000e+02 2.976067497649483862e-01 9.044384057971014412e-01 3.600189982636796682e-01 8.845631507469443600e-01
2.680000000000000000e+02 3.006280672811360577e-01 9.019474637681159646e-01 3.654693314499792844e-01 8.804889090086012171e-01
2.690000000000000000e+02 3.084441625336351578e-01 9.002490942028985588e-01 3.755159165911052255e-01 8.768673607967406580e-01
2.700000000000000000e+02 3.025264366739531807e-01 9.025135869565217295e-01 3.645308856145797471e-01 8.813942960615662736e-01
2.710000000000000000e+02 3.001913295591506214e-01 9.053442028985507761e-01 3.596482539931469269e-01 8.818469895880488574e-01
2.720000000000000000e+02 2.985855772424156340e-01 9.046648550724637472e-01 3.572811965130551215e-01 8.850158442734269437e-01
2.730000000000000000e+02 2.989800354306172969e-01 9.044384057971014412e-01 3.618149763445938638e-01 8.841104572204617762e-01
2.740000000000000000e+02 3.054360250437440083e-01 9.034193840579710644e-01 3.711051787637915655e-01 8.795835219556360496e-01
2.750000000000000000e+02 2.998532979809338528e-01 9.046648550724637472e-01 3.649098078748650997e-01 8.832050701674966087e-01
2.760000000000000000e+02 2.986849069182881955e-01 9.062500000000000000e-01 3.581999800969393744e-01 8.818469895880488574e-01
2.770000000000000000e+02 2.968694301304070082e-01 9.091938405797101996e-01 3.558339671563134354e-01 8.854685377999094165e-01
2.780000000000000000e+02 3.004038847607649609e-01 9.022871376811594235e-01 3.602883624868363777e-01 8.809416025350838009e-01
2.790000000000000000e+02 2.984579104942818861e-01 9.045516304347825942e-01 3.616553083635394850e-01 8.832050701674966087e-01
2.800000000000000000e+02 3.023237418884492378e-01 9.039855072463768293e-01 3.657106971852840394e-01 8.786781349026708821e-01
2.810000000000000000e+02 2.945799953609604116e-01 9.078351449275362528e-01 3.613470664409054733e-01 8.813942960615662736e-01
2.820000000000000000e+02 3.066598875134233237e-01 9.004755434782608647e-01 3.690486920959305528e-01 8.764146672702580743e-01
2.830000000000000000e+02 2.984017167493251410e-01 9.033061594202898004e-01 3.616001988705916936e-01 8.813942960615662736e-01
2.840000000000000000e+02 2.968247035325178862e-01 9.040987318840579823e-01 3.632513889836644361e-01 8.832050701674966087e-01
2.850000000000000000e+02 3.053124616002889091e-01 8.995697463768116409e-01 3.751848961726459986e-01 8.759619737437754905e-01
2.860000000000000000e+02 3.003774554004005615e-01 9.019474637681159646e-01 3.636681086491413972e-01 8.791308284291534658e-01
2.870000000000000000e+02 2.953919167050081396e-01 9.068161231884057649e-01 3.630211477010672483e-01 8.859212313263920002e-01
2.880000000000000000e+02 2.961461664317724951e-01 9.054574275362319291e-01 3.591307398607987422e-01 8.804889090086012171e-01
2.890000000000000000e+02 2.967128293232212388e-01 9.038722826086956763e-01 3.628096050802877004e-01 8.809416025350838009e-01
2.900000000000000000e+02 3.002000605360141683e-01 9.035326086956522174e-01 3.641274707887005024e-01 8.786781349026708821e-01
2.910000000000000000e+02 2.966943950671033225e-01 9.060235507246376940e-01 3.637909349561175287e-01 8.800362154821186333e-01
2.920000000000000000e+02 3.001896228193780547e-01 9.084012681159420177e-01 3.553126722684061822e-01 8.850158442734269437e-01
2.930000000000000000e+02 2.923713071040093814e-01 9.093070652173913526e-01 3.569904663659447253e-01 8.899954730647351431e-01
2.940000000000000000e+02 3.016669359926330007e-01 9.026268115942028825e-01 3.705205543653357636e-01 8.791308284291534658e-01
2.950000000000000000e+02 3.018042036804389205e-01 9.020606884057971175e-01 3.681201539958872115e-01 8.773200543232231308e-01
2.960000000000000000e+02 2.993308902503146740e-01 9.047780797101449002e-01 3.646694750936858576e-01 8.818469895880488574e-01
2.970000000000000000e+02 2.983800950931800311e-01 9.031929347826086474e-01 3.630684014188398923e-01 8.804889090086012171e-01
2.980000000000000000e+02 2.981851836142224155e-01 9.067028985507246119e-01 3.582069005213602830e-01 8.836577636939791924e-01
2.990000000000000000e+02 2.963719749668606851e-01 9.060235507246376940e-01 3.580558664911306921e-01 8.822996831145314411e-01
3.000000000000000000e+02 2.930404819386319137e-01 9.082880434782608647e-01 3.622738745593591658e-01 8.854685377999094165e-01
3.010000000000000000e+02 2.993179255312183873e-01 9.046648550724637472e-01 3.672988573208015861e-01 8.791308284291534658e-01
3.020000000000000000e+02 2.931378250155843856e-01 9.071557971014492239e-01 3.585727817834784004e-01 8.827523766410140249e-01
3.030000000000000000e+02 3.002991506481541006e-01 9.033061594202898004e-01 3.715389055696188270e-01 8.795835219556360496e-01
3.040000000000000000e+02 2.959613427633836502e-01 9.071557971014492239e-01 3.651675649224695452e-01 8.809416025350838009e-01
3.050000000000000000e+02 2.989936015980567130e-01 9.117980072463768293e-01 3.556716091043957140e-01 8.886373924852875028e-01
3.060000000000000000e+02 2.924930408260205117e-01 9.081748188405797118e-01 3.604178112690141766e-01 8.822996831145314411e-01
3.070000000000000000e+02 2.957366062772811000e-01 9.064764492753623060e-01 3.623711836580618129e-01 8.786781349026708821e-01
3.080000000000000000e+02 2.935893967456739140e-01 9.076086956521739468e-01 3.594405474823315627e-01 8.841104572204617762e-01
3.090000000000000000e+02 2.979360901765062408e-01 9.044384057971014412e-01 3.646690870471958612e-01 8.809416025350838009e-01
3.100000000000000000e+02 3.086654919060405344e-01 8.996829710144927938e-01 3.807746968367090590e-01 8.732458125848799879e-01
3.110000000000000000e+02 2.941201963001408015e-01 9.079483695652174058e-01 3.620305108615808898e-01 8.818469895880488574e-01
3.120000000000000000e+02 2.951426581458308496e-01 9.074954710144927938e-01 3.587607149602428103e-01 8.832050701674966087e-01
3.130000000000000000e+02 2.971266699299778824e-01 9.055706521739130821e-01 3.620688412572880543e-01 8.813942960615662736e-01
3.140000000000000000e+02 2.972463763338397680e-01 9.053442028985507761e-01 3.613300986181634533e-01 8.841104572204617762e-01
3.150000000000000000e+02 2.964966150655674038e-01 9.056838768115942351e-01 3.646284394067409451e-01 8.818469895880488574e-01
3.160000000000000000e+02 2.923475925103514728e-01 9.074954710144927938e-01 3.566701237942763725e-01 8.854685377999094165e-01
3.170000000000000000e+02 2.912835609700785144e-01 9.107789855072463414e-01 3.567105520425969400e-01 8.850158442734269437e-01
3.180000000000000000e+02 2.927728628165619518e-01 9.068161231884057649e-01 3.584715578794175905e-01 8.850158442734269437e-01
3.190000000000000000e+02 2.943550845714034137e-01 9.077219202898550998e-01 3.622508930319551235e-01 8.813942960615662736e-01
3.200000000000000000e+02 2.935305181394470830e-01 9.067028985507246119e-01 3.588612247744586425e-01 8.841104572204617762e-01
3.210000000000000000e+02 2.954711820405577782e-01 9.034193840579710644e-01 3.638493080248668687e-01 8.809416025350838009e-01
3.220000000000000000e+02 2.939353602835206858e-01 9.054574275362319291e-01 3.711688145716288689e-01 8.777727478497057145e-01
3.230000000000000000e+02 2.967110151734466128e-01 9.062500000000000000e-01 3.675817009039704097e-01 8.827523766410140249e-01
3.240000000000000000e+02 2.958755938684169418e-01 9.050045289855072062e-01 3.599487974621155550e-01 8.832050701674966087e-01
3.250000000000000000e+02 2.937712200643881055e-01 9.085144927536231707e-01 3.569664146338902833e-01 8.881846989588049190e-01
3.260000000000000000e+02 2.932297947553561546e-01 9.063632246376811530e-01 3.711535478502590579e-01 8.836577636939791924e-01
3.270000000000000000e+02 2.958359810543712554e-01 9.059103260869565410e-01 3.646672373919102594e-01 8.804889090086012171e-01
3.280000000000000000e+02 2.961288419357889778e-01 9.045516304347825942e-01 3.689006062857420054e-01 8.859212313263920002e-01
3.290000000000000000e+02 2.967358144273621323e-01 9.046648550724637472e-01 3.686084157000234507e-01 8.804889090086012171e-01
3.300000000000000000e+02 3.015268923748489205e-01 9.021739130434782705e-01 3.727937745833382888e-01 8.809416025350838009e-01
3.310000000000000000e+02 2.978487723750074534e-01 9.043251811594202882e-01 3.684742677889402684e-01 8.841104572204617762e-01
3.320000000000000000e+02 3.048125448724217645e-01 9.025135869565217295e-01 3.818094662957857710e-01 8.764146672702580743e-01
3.330000000000000000e+02 2.914974364860289380e-01 9.096467391304348116e-01 3.559299905921692875e-01 8.868266183793571678e-01
3.340000000000000000e+02 2.930452543610516658e-01 9.069293478260869179e-01 3.596928459330966943e-01 8.809416025350838009e-01
3.350000000000000000e+02 2.896050780991948348e-01 9.086277173913043237e-01 3.626665631133395573e-01 8.881846989588049190e-01
3.360000000000000000e+02 2.928287539040457799e-01 9.071557971014492239e-01 3.641026225453725118e-01 8.854685377999094165e-01
3.370000000000000000e+02 2.924699052907928642e-01 9.071557971014492239e-01 3.666422581506972311e-01 8.841104572204617762e-01
3.380000000000000000e+02 2.969530074693169652e-01 9.050045289855072062e-01 3.692608475314075323e-01 8.795835219556360496e-01
3.390000000000000000e+02 3.003056405272139240e-01 9.028532608695651884e-01 3.746360575114810465e-01 8.809416025350838009e-01
3.400000000000000000e+02 2.905078123229763443e-01 9.088541666666666297e-01 3.599907633590163636e-01 8.832050701674966087e-01
3.410000000000000000e+02 2.934081559198670197e-01 9.079483695652174058e-01 3.598757080096680050e-01 8.845631507469443600e-01
3.420000000000000000e+02 2.929601035329038594e-01 9.063632246376811530e-01 3.610744960420724237e-01 8.836577636939791924e-01
3.430000000000000000e+02 2.894470782639481654e-01 9.098731884057971175e-01 3.581389738123084143e-01 8.841104572204617762e-01
3.440000000000000000e+02 2.989131254610112309e-01 9.038722826086956763e-01 3.765765283612701464e-01 8.773200543232231308e-01
3.450000000000000000e+02 2.939249820256173984e-01 9.071557971014492239e-01 3.678760727101192951e-01 8.813942960615662736e-01
3.460000000000000000e+02 2.940953662206544084e-01 9.073822463768116409e-01 3.646981535494011051e-01 8.822996831145314411e-01
3.470000000000000000e+02 2.947048903829835864e-01 9.055706521739130821e-01 3.636475894491623118e-01 8.809416025350838009e-01
3.480000000000000000e+02 2.896906788969115243e-01 9.082880434782608647e-01 3.627357112879391887e-01 8.868266183793571678e-01
3.490000000000000000e+02 2.907673741064070727e-01 9.090806159420289356e-01 3.608547555412526253e-01 8.841104572204617762e-01
3.500000000000000000e+02 2.894278108215886380e-01 9.104393115942028825e-01 3.593165948235992335e-01 8.863739248528745840e-01
3.510000000000000000e+02 2.894264983202958774e-01 9.079483695652174058e-01 3.637134928363472408e-01 8.854685377999094165e-01
3.520000000000000000e+02 2.915935939554236689e-01 9.065896739130434590e-01 3.626224718424645999e-01 8.845631507469443600e-01
3.530000000000000000e+02 2.896059514879921748e-01 9.079483695652174058e-01 3.622587975375121672e-01 8.854685377999094165e-01
3.540000000000000000e+02 2.965441834432503421e-01 9.042119565217391353e-01 3.731094223706911128e-01 8.800362154821186333e-01
3.550000000000000000e+02 2.918371824775694567e-01 9.072690217391304879e-01 3.643241257243478581e-01 8.832050701674966087e-01
3.560000000000000000e+02 2.908137099288541361e-01 9.087409420289854767e-01 3.656654501158116410e-01 8.854685377999094165e-01
3.570000000000000000e+02 3.005916498605750165e-01 9.059103260869565410e-01 3.728032764073536676e-01 8.791308284291534658e-01
3.580000000000000000e+02 2.886659970570543687e-01 9.102128623188405765e-01 3.605387248557080926e-01 8.881846989588049190e-01
3.590000000000000000e+02 2.884722596241343640e-01 9.081748188405797118e-01 3.621721811029118832e-01 8.841104572204617762e-01
3.600000000000000000e+02 2.891323043147747129e-01 9.078351449275362528e-01 3.600636678894208464e-01 8.854685377999094165e-01
3.610000000000000000e+02 3.038158443759088057e-01 9.027400362318840354e-01 3.825740443119813317e-01 8.773200543232231308e-01
3.620000000000000000e+02 2.955122468373194144e-01 9.047780797101449002e-01 3.713271128232542573e-01 8.782254413761882983e-01
3.630000000000000000e+02 2.881325900893647596e-01 9.115715579710145233e-01 3.604821689836720799e-01 8.872793119058397515e-01
3.640000000000000000e+02 2.925726653390971488e-01 9.065896739130434590e-01 3.669879169702131017e-01 8.827523766410140249e-01
3.650000000000000000e+02 2.868379891424461259e-01 9.094202898550725056e-01 3.613558475602587916e-01 8.854685377999094165e-01
3.660000000000000000e+02 2.923325840707760026e-01 9.057971014492753881e-01 3.655235257545233485e-01 8.813942960615662736e-01
3.670000000000000000e+02 2.921856853255855868e-01 9.063632246376811530e-01 3.709053315813598539e-01 8.822996831145314411e-01
3.680000000000000000e+02 2.930173121494976662e-01 9.063632246376811530e-01 3.661176099236229109e-01 8.791308284291534658e-01
3.690000000000000000e+02 2.902040268556049796e-01 9.085144927536231707e-01 3.613854429421261560e-01 8.832050701674966087e-01
3.700000000000000000e+02 2.961731254522083634e-01 9.057971014492753881e-01 3.678355598395362525e-01 8.827523766410140249e-01
3.710000000000000000e+02 2.885449090089791113e-01 9.079483695652174058e-01 3.649004550507950473e-01 8.800362154821186333e-01
3.720000000000000000e+02 2.869828058433577245e-01 9.099864130434782705e-01 3.591705211261560504e-01 8.859212313263920002e-01
3.730000000000000000e+02 2.956927391311698350e-01 9.046648550724637472e-01 3.764443792105075515e-01 8.764146672702580743e-01
3.740000000000000000e+02 2.932161372116112164e-01 9.059103260869565410e-01 3.699057956560277693e-01 8.809416025350838009e-01
3.750000000000000000e+02 2.912583264617877865e-01 9.068161231884057649e-01 3.681976045443702272e-01 8.836577636939791924e-01
3.760000000000000000e+02 2.935071908896117465e-01 9.082880434782608647e-01 3.610495634778922991e-01 8.841104572204617762e-01
3.770000000000000000e+02 2.887322763771112966e-01 9.095335144927536586e-01 3.557637583047141283e-01 8.881846989588049190e-01
3.780000000000000000e+02 2.899081222599115271e-01 9.071557971014492239e-01 3.650334300605709292e-01 8.841104572204617762e-01
3.790000000000000000e+02 2.923751674811502221e-01 9.068161231884057649e-01 3.678997179117474703e-01 8.786781349026708821e-01
3.800000000000000000e+02 2.898853888113467336e-01 9.078351449275362528e-01 3.628057603996571179e-01 8.818469895880488574e-01
3.810000000000000000e+02 2.886223892295167182e-01 9.099864130434782705e-01 3.587801307816744223e-01 8.836577636939791924e-01
3.820000000000000000e+02 2.916038352054647897e-01 9.073822463768116409e-01 3.624296851675781195e-01 8.832050701674966087e-01
3.830000000000000000e+02 2.878635239563637205e-01 9.085144927536231707e-01 3.648395693654316041e-01 8.822996831145314411e-01
3.840000000000000000e+02 2.867406855177361269e-01 9.096467391304348116e-01 3.592884471461115781e-01 8.818469895880488574e-01
3.850000000000000000e+02 2.894169713050027126e-01 9.081748188405797118e-01 3.648768825569433938e-01 8.804889090086012171e-01
3.860000000000000000e+02 2.877161261503054512e-01 9.095335144927536586e-01 3.587157736322141854e-01 8.850158442734269437e-01
3.870000000000000000e+02 2.947328078340565871e-01 9.047780797101449002e-01 3.759810172107722059e-01 8.822996831145314411e-01
3.880000000000000000e+02 2.957797020654294728e-01 9.056838768115942351e-01 3.698136191716258625e-01 8.795835219556360496e-01
3.890000000000000000e+02 2.908005716650839401e-01 9.064764492753623060e-01 3.605184521165963329e-01 8.804889090086012171e-01
3.900000000000000000e+02 2.912348870552967095e-01 9.063632246376811530e-01 3.717060298138720742e-01 8.827523766410140249e-01
3.910000000000000000e+02 2.876204661478844460e-01 9.082880434782608647e-01 3.654512023893196626e-01 8.832050701674966087e-01
3.920000000000000000e+02 2.868365751032928013e-01 9.091938405797101996e-01 3.658785153389192968e-01 8.859212313263920002e-01
3.930000000000000000e+02 2.924623132019076310e-01 9.054574275362319291e-01 3.705455546335235106e-01 8.791308284291534658e-01
3.940000000000000000e+02 2.939487518380868303e-01 9.060235507246376940e-01 3.655267939108448605e-01 8.818469895880488574e-01
3.950000000000000000e+02 2.915295942433569487e-01 9.060235507246376940e-01 3.629361111523171091e-01 8.818469895880488574e-01
3.960000000000000000e+02 2.854268411693239860e-01 9.100996376811594235e-01 3.624599810006215450e-01 8.832050701674966087e-01
3.970000000000000000e+02 2.883191232401676740e-01 9.069293478260869179e-01 3.599316859204492736e-01 8.836577636939791924e-01
3.980000000000000000e+02 2.916106577367948982e-01 9.050045289855072062e-01 3.679858949229014575e-01 8.800362154821186333e-01
3.990000000000000000e+02 2.892277892311880261e-01 9.079483695652174058e-01 3.625051298762271279e-01 8.854685377999094165e-01
