19	7433
96	5612
116	6400
161	1312
167	12589
173	6837
179	17905
256	11796
272	8602
317	1894
346	3525
367	20418
385	5925
410	2593
413	692
446	9479
459	8500
460	2921
488	14851
545	14037
551	13683
556	2957
584	9397
608	13360
613	17178
621	13683
622	5933
627	5105
651	4196
661	16618
663	19966
668	3007
679	7559
702	7399
715	14085
716	9950
740	18456
753	188
763	6562
782	7070
783	10287
784	19722
788	17234
790	3781
797	18898
806	2896
856	8628
871	13144
885	15632
915	5705
942	6156
976	6951
1002	9056
1017	19802
1032	3550
1040	2001
1060	6614
1067	15949
1069	2797
1098	3889
1107	6856
1109	8548
1136	2797
1149	19117
1159	19078
1173	3125
1175	8111
1177	13060
1210	19388
1213	11137
1246	5765
1273	8381
1282	5057
1308	6884
1310	1128
1312	911
1315	17524
1317	10826
1319	10023
1324	2538
1334	10154
1335	18061
1336	17442
1367	19523
1386	3223
1392	52
1395	13495
1399	2843
1434	3532
1445	8036
1458	8847
1485	3972
1488	16112
1520	236
1528	11162
1583	14078
1592	10416
1595	2593
1605	858
1616	14483
1624	19984
1627	15287
1629	14881
1629	14880
1633	10584
1640	5746
1686	12086
1691	5924
1696	2662
1699	1376
1703	12972
1709	10061
1717	14362
1735	5475
1764	7114
1778	15958
1811	8407
1818	18522
1833	7125
1843	17467
1850	9284
1860	10756
1861	13580
1864	17833
1878	9061
1885	17308
1890	13915
1917	17749
1920	7505
1938	19501
1941	5811
1949	13651
1986	3408
1997	14629
2006	20085
2008	6253
2013	6989
2040	15695
2059	13970
2069	7930
2072	2974
2080	866
2083	16108
2084	17820
2085	6867
2086	11548
2103	13177
2108	2791
2114	20156
2118	19512
2126	1963
2136	17493
2149	15695
2153	188
2161	17184
2171	3622
2173	18401
2174	8813
2194	13270
2195	14758
2201	12589
2211	16588
2215	10564
2224	11198
2270	7551
2272	1315
2297	10544
2306	16075
2318	12155
2341	8298
2344	2545
2353	1160
2381	20317
2390	20270
2413	11605
2426	4899
2438	12020
2459	7626
2477	10167
2483	15884
2485	15962
2485	15961
2490	8188
2492	11335
2496	488
2498	17503
2501	4056
2503	11474
2508	17920
2509	19692
2510	11167
2511	19390
2517	2080
2528	11096
2549	13625
2562	9091
2573	8307
2581	12640
2607	9073
2614	5069
2644	8450
2650	16288
2652	786
2690	4451
2694	6741
2702	7543
2705	7262
2716	17882
2718	19637
2730	8347
2732	13177
2736	3782
2750	881
2758	17634
2785	8298
2789	13098
2806	8398
2834	12587
2835	17848
2839	6547
2841	10587
2854	2155
2878	17560
2886	13208
2899	16628
2902	9495
2920	17575
2922	6463
2931	6525
2984	10437
3004	14957
3020	10461
3046	18778
3058	5594
3059	8440
3062	13757
3072	18100
3080	17504
3087	17539
3096	17153
3097	17524
3107	6253
3108	17109
3117	14866
3123	6777
3131	11160
3139	11523
3143	11268
3150	17116
3159	10875
3166	18524
3173	17882
3177	7479
3189	2460
3203	3571
3205	12724
3213	951
3216	6656
3219	19714
3236	17287
3243	8256
3245	6525
3248	17625
3257	17375
3259	13289
3262	19546
3267	17762
3288	10625
3310	6510
3311	14592
3313	1516
3319	14440
3323	9853
3335	11804
3367	6639
3370	17331
3371	8532
3376	5395
3378	5417
3384	2934
3397	11667
3440	16242
3445	1777
3448	16000
3465	14078
3472	18180
3481	8357
3493	12676
3498	330
3514	7431
3524	2229
3551	10171
3555	17505
3572	10311
3577	17116
3581	1998
3596	18832
3599	7095
3600	12655
3611	5594
3620	19968
3626	11198
3631	20561
3640	12705
3643	19961
3649	13471
3667	13826
3678	11438
3693	5261
3723	18586
3725	10725
3731	19376
3752	19128
3753	17634
3771	5073
3782	9845
3783	13791
3792	6095
3803	19286
3810	9868
3813	10990
3824	10822
3829	11530
3842	19966
3844	4875
3847	15433
3860	2730
3871	15320
3873	13915
3880	16176
3884	7565
3891	9222
3900	12612
3901	3535
3907	10582
3912	11774
3923	19802
3932	19523
3941	10355
3953	855
3958	18062
3961	2354
3982	10032
3992	17870
4005	10321
4009	11879
4015	3499
4018	9222
4053	9236
4086	1358
4091	2164
4102	15000
4114	5203
4128	6535
4129	1236
4178	3070
4185	6546
4189	2882
4190	2933
4191	17857
4192	12506
4222	17320
4226	12704
4226	12705
4232	2967
4248	8137
4271	15659
4272	3385
4288	11400
4293	12931
4298	15426
4299	15426
4303	18450
4307	1295
4318	15219
4319	7394
4335	12888
4345	8478
4349	17519
4352	19786
4354	9991
4356	7534
4358	2013
4362	19506
4363	15975
4367	8222
4371	6261
4410	13899
4413	11163
4415	13200
4437	11194
4448	17675
4457	3721
4468	1119
4484	17862
4487	17459
4494	4327
4499	11295
4508	11751
4517	2882
4527	7295
4536	15287
4538	14413
4539	15083
4557	14942
4571	4216
4577	19108
4580	6624
4609	746
4610	10705
4633	17869
4645	5886
4646	401
4647	15063
4655	3111
4660	16317
4673	12242
4678	19551
4690	8592
4707	17551
4714	4327
4722	16857
4726	5041
4727	8252
4743	4025
4762	7454
4774	17467
4779	9056
4780	2460
4806	4959
4807	3646
4811	12644
4821	9225
4836	132
4839	15000
4844	906
4854	2843
4861	7987
4862	13107
4863	18925
4864	11024
4888	10985
4889	10765
4904	7439
4907	13263
4908	13977
4913	5640
4922	1278
4934	12000
4940	1230
4956	881
4966	18594
4968	11396
4976	8908
4978	16506
4982	12757
4989	17675
4992	146
5006	14076
5008	18651
5009	17740
5020	4244
5030	10570
5035	1542
5042	9257
5055	831
5059	17402
5071	5954
5091	3120
5093	8188
5095	13836
5100	13332
5106	16360
5111	7982
5112	1475
5118	17454
5122	17560
5128	19962
5138	3111
5140	5366
5149	3721
5157	17989
5171	8908
5177	8252
5184	14881
5193	813
5195	6638
5201	11238
5202	5761
5204	14688
5206	14630
5207	12267
5210	15979
5212	6266
5218	9138
5235	2896
5241	2089
5250	1856
5258	4059
5267	2954
5276	8908
5278	15685
5296	10026
5296	10027
5306	1725
5315	6316
5319	16842
5324	18159
5328	8908
5332	9757
5336	11997
5341	7105
5343	18621
5348	6266
5372	9314
5374	3542
5376	12897
5377	13098
5384	8193
5388	3721
5391	7131
5392	16332
5400	14983
5421	8547
5427	6473
5436	9237
5473	164
5478	14483
5493	12187
5498	3697
5506	19998
5515	14150
5524	4224
5526	4934
5531	12950
5536	3330
5539	11558
5541	1568
5544	13966
5547	7154
5568	10466
5612	8450
5618	10687
5636	11115
5640	11950
5642	13768
5648	10584
5650	6416
5668	13115
5668	13117
5677	19907
5686	8490
5690	10114
5695	889
5711	16688
5712	8298
5731	5930
5738	17187
5750	8789
5751	19808
5752	3492
5760	13210
5771	3276
5778	20647
5789	13658
5789	13659
5796	8701
5798	401
5801	6114
5807	19099
5810	19151
5814	20263
5821	1152
5831	5041
5836	17307
5847	12645
5850	13987
5863	5969
5867	13882
5879	3754
5880	16510
5882	11978
5901	18268
5903	15802
5905	18890
5906	11107
5918	2967
5922	17463
5938	4290
5953	14078
5968	5765
5971	14016
5987	14234
5989	19117
5990	5041
5994	19551
5995	15564
6005	19779
6006	9829
6008	5598
6023	11342
6031	12540
6040	17734
6041	16802
6054	11034
6067	19625
6070	15879
6080	13317
6091	7949
6115	18788
6127	11417
6150	18275
6151	9845
6152	12078
6160	12035
6168	16014
6179	3644
6180	4206
6183	20134
6191	8478
6198	6110
6200	14459
6200	14458
6204	19109
6207	3980
6212	18514
6213	5184
6215	17903
6226	2302
6228	13764
6237	6810
6238	8440
6240	7175
6241	16536
6252	17563
6255	17470
6259	211
6265	16337
6295	11306
6316	2761
6318	18380
6342	207
6344	11044
6367	2942
6369	2150
6376	3542
6379	4957
6403	18741
6405	16119
6406	17165
6408	11423
6409	10390
6410	13814
6413	14270
6414	17966
6425	715
6427	872
6432	13244
6436	9269
6438	8953
6458	8935
6460	19058
6462	2310
6463	6160
6464	1617
6467	10520
6481	17655
6491	10150
6497	4025
6505	1268
6508	10584
6512	17566
6515	831
6524	4667
6527	3120
6536	15700
6538	18099
6538	18100
6540	15674
6570	17703
6571	841
6573	17862
6580	6889
6585	15700
6587	2268
6588	4472
6605	13608
6610	7238
6613	20126
6628	10149
6642	3848
6649	5944
6655	18437
6656	19254
6671	17153
6684	19184
6691	14826
6699	14537
6703	8305
6709	20320
6737	10639
6738	2062
6742	19808
6755	685
6762	15370
6764	12600
6768	19125
6772	10061
6775	18629
6780	20584
6788	680
6790	18069
6793	16592
6812	19703
6821	4578
6845	207
6846	11197
6850	12645
6852	20105
6862	6969
6866	6431
6867	843
6869	17402
6875	15955
6881	14459
6883	11169
6888	17868
6894	20566
6905	3578
6907	18037
6916	1617
6921	2268
6922	19558
6930	7462
6933	1331
6942	18586
6949	10526
6951	14777
6952	15094
6957	20607
6958	2521
6962	9786
6983	17153
6987	14589
6989	15118
7013	14610
7015	3721
7017	8442
7029	15238
7033	12414
7038	11950
7039	19285
7046	3227
7053	9078
7064	1095
7065	5420
7067	1772
7069	1647
7082	918
7085	12618
7085	12617
7100	4376
7109	14234
7130	11700
7135	209
7137	1035
7140	6026
7141	5799
7142	16520
7149	9375
7155	13731
7158	16906
7161	146
7170	6798
7173	17634
7179	9893
7189	10869
7196	2732
7199	8926
7202	18050
7207	6068
7214	16369
7215	10442
7228	7691
7229	1268
7230	9775
7231	9191
7249	7202
7255	15098
7275	8266
7284	9523
7311	15667
7317	16536
7318	7880
7320	20106
7326	8457
7328	7105
7331	18159
7337	13587
7342	10979
7345	12731
7350	13128
7352	8342
7358	5013
7366	16598
7376	3224
7378	12609
7385	18680
7390	19238
7396	1294
7409	13395
7416	5038
7418	17407
7420	6115
7426	18968
7436	1942
7438	17383
7445	16691
7450	10727
7452	3789
7460	17740
7472	14150
7481	4534
7490	4606
7503	12396
7509	637
7525	10799
7532	3699
7533	20307
7534	5320
7547	2689
7548	9868
7564	3644
7567	5309
7579	2837
7588	4546
7598	9769
7609	6910
7623	18863
7633	18803
7640	10170
7644	6277
7649	17482
7652	16340
7667	13966
7678	1466
7716	5576
7719	4304
7720	113
7722	7197
7727	14028
7735	12219
7737	9812
7748	14579
7751	18246
7778	5905
7804	4366
7826	13123
7827	17482
7834	10170
7840	11779
7849	6559
7857	10161
7873	12364
7874	3791
7883	9348
7887	7913
7888	3050
7906	19172
7927	13154
7928	4017
7931	12146
7949	12967
7955	13167
7961	6675
7966	19849
7981	15950
7982	4893
7987	17417
7988	18844
7989	8328
7995	19277
7998	10292
8002	3383
8007	19839
8010	16848
8012	2593
8031	20002
8036	8394
8037	15028
8042	2843
8044	9389
8068	3465
8070	8894
8074	11653
8079	19779
8093	17563
8094	1031
8099	7729
8109	15153
8111	5553
8128	434
8135	18019
8139	17949
8143	3295
8162	3877
8172	18075
8173	1475
8180	14526
8188	1527
8189	846
8201	7994
8209	5118
8212	3765
8218	13399
8227	15970
8241	12693
8250	18300
8254	20553
8256	3307
8266	4687
8267	18898
8269	14194
8272	4008
8305	10061
8313	883
8316	7409
8336	18409
8340	13658
8347	11574
8361	17134
8362	865
8365	17865
8370	10279
8374	1938
8392	18626
8395	8580
8401	18550
8405	10150
8412	813
8421	18626
8426	12865
8430	8678
8431	8678
8433	11098
8452	16661
8459	9073
8461	4462
8475	2983
8490	8522
8495	5828
8499	10256
8512	17690
8514	17334
8515	19109
8516	16414
8524	10447
8531	13134
8552	8642
8553	19109
8556	14993
8568	11180
8583	15290
8584	13882
8585	3597
8586	10333
8587	19839
8588	14565
8621	3648
8628	4046
8645	19794
8646	9434
8648	19962
8653	12829
8660	1718
8663	231
8665	11700
8665	11701
8673	20410
8675	5261
8679	2146
8691	15855
8699	12491
8705	11767
8706	5508
8707	9387
8709	2538
8716	16691
8720	19078
8734	11069
8737	7858
8739	11443
8742	9998
8743	17293
8744	20105
8755	10263
8757	8976
8764	17870
8766	15374
8767	2363
8772	20566
8786	4044
8791	14232
8794	15961
8797	16216
8801	10191
8811	15670
8819	1290
8827	2331
8836	8623
8838	17766
8850	11557
8857	7281
8859	2710
8867	815
8870	12655
8893	11122
8896	914
8898	14218
8907	9769
8908	9327
8912	8297
8915	5523
8916	2381
8918	18117
8928	7064
8931	14486
8939	12093
8942	7669
8944	14508
8957	19426
8958	19338
8963	4157
8982	4167
8984	16498
8994	10622
8997	2281
9004	3420
9005	15708
9009	19825
9026	17074
9039	15181
9057	268
9058	14017
9076	15457
9080	17547
9083	8017
9111	19587
9125	16441
9133	15440
9134	19616
9145	9491
9146	8578
9147	1263
9161	10309
9166	901
9184	5313
9194	1446
9206	4746
9209	19844
9217	13468
9227	15756
9230	17109
9231	5926
9263	6681
9267	19099
9283	16549
9289	727
9292	17358
9299	16452
9311	8372
9314	12384
9315	12693
9322	14738
9336	17425
9340	3178
9341	10473
9346	10419
9355	19825
9365	19393
9376	8150
9390	9650
9396	10925
9401	8173
9403	7646
9409	3142
9411	18375
9415	626
9424	4065
9426	8678
9433	17436
9434	12208
9438	2190
9439	13307
9441	7124
9448	5005
9458	18466
9459	17712
9461	17316
9467	20281
9468	9764
9483	17136
9484	5688
9485	2218
9487	11728
9490	11097
9494	680
9496	4014
9499	3465
9509	865
9515	3178
9532	7243
9535	11651
9538	15955
9547	19286
9551	10155
9555	7439
9565	14681
9566	7397
9570	756
9581	14955
9584	5734
9594	7883
9612	2108
9631	11847
9637	8167
9638	8746
9641	7497
9650	15915
9659	7909
9699	4358
9706	5031
9709	4325
9712	3250
9714	4060
9728	13228
9732	2629
9748	9582
9751	3078
9752	14001
9756	19646
9765	4951
9780	10206
9789	17794
9793	6910
9796	13793
9798	10238
9800	17860
9805	5860
9806	12364
9809	2943
9825	797
9832	7122
9833	1041
9836	1103
9841	8440
9845	11403
9856	10706
9859	6521
9861	1387
9865	1059
9869	12681
9872	12400
9889	4137
9891	4534
9897	8770
9907	19243
9908	15374
9920	128
9924	9463
9936	2068
9937	2043
9942	13647
9943	15685
9947	13182
9952	7987
9959	12618
9959	12617
9961	3232
9965	18480
9970	18714
9974	14345
9975	15875
9984	1822
10000	2840
10007	13847
10018	17905
10020	8947
10029	19806
10031	4185
10040	9101
10046	15961
10049	7939
10063	15972
10065	171
10072	16108
10074	778
10080	8152
10089	17292
10093	213
10099	20566
10113	1035
10118	17488
10119	5769
10123	8305
10125	7500
10132	7105
10136	7314
10142	15110
10145	19267
10156	17712
10159	19668
10166	7998
10181	9955
10198	19123
10200	10805
10204	2310
10208	10447
10213	17135
10217	6053
10236	19194
10243	14470
10250	13510
10257	17232
10259	20654
10261	11003
10262	3799
10269	12007
10284	3898
10293	2432
10295	8457
10296	1095
10307	19922
10314	3708
10319	3178
10332	20002
10333	13499
10338	17526
10339	1514
10343	16262
10351	18978
10357	11069
10358	19562
10361	17450
10367	6760
10376	12618
10380	2712
10388	15383
10400	14083
10405	4456
10416	19286
10422	797
10427	18092
10431	13018
10444	15981
10445	1278
10446	12635
10454	9306
10455	4224
10460	18102
10469	15970
10470	10039
10480	5171
10489	6778
10490	15667
10497	13154
10502	13070
10503	13189
10504	1162
10513	12719
10536	2244
10540	17885
10551	9294
10553	5087
10555	18375
10556	14067
10559	6803
10572	10287
10582	2432
10602	9141
10613	12645
10628	20566
10633	2896
10634	1340
10638	726
10642	13352
10645	69
10648	5676
10661	5640
10672	7923
10678	17722
10694	9258
10700	17649
10703	13635
10705	6374
10709	13587
10712	19509
10714	553
10719	17407
10722	12962
10723	2540
10738	13847
10740	10867
10742	1662
10748	10520
10755	5600
10757	17293
10761	14178
10762	6896
10765	18995
10772	4149
10782	8840
10784	1671
10795	10526
10799	6296
10806	9179
10822	14391
10837	20230
10849	5366
10850	16917
10851	2302
10853	199
10854	8685
10856	9926
10861	12930
10863	12066
10866	12765
10873	17633
10875	10061
10876	789
10886	7889
10889	17927
10893	7679
10895	8684
10899	2672
10904	12252
10905	13490
10907	2290
10914	14937
10915	176
10916	13899
10917	6282
10918	17347
10919	20124
10925	16142
10926	17181
10937	10187
10944	2279
10958	12700
10967	10075
10967	10074
10969	9533
10971	18514
10973	8116
10977	7701
10989	3183
10991	6263
11003	20375
11011	825
11013	12964
11024	1869
11028	15836
11030	2222
11032	202
11040	8415
