0.000000000000000000e+00 3.876897817119175360e-01 8.777284666243999611e-01
0.000000000000000000e+00 3.694787110928827167e-01 8.829816139842405764e-01
0.000000000000000000e+00 3.650698658503902516e-01 8.859704736889774113e-01
0.000000000000000000e+00 3.584775143175785717e-01 8.852459016393442459e-01
0.000000000000000000e+00 3.555331757266340098e-01 8.881441898378770183e-01
0.000000000000000000e+00 3.534787241240428535e-01 8.904084774929806878e-01
0.000000000000000000e+00 3.515528609680035887e-01 8.901367629743682786e-01
0.000000000000000000e+00 3.511961239753196851e-01 8.904084774929806878e-01
0.000000000000000000e+00 3.509898107583203641e-01 8.901367629743682786e-01
0.000000000000000000e+00 3.474606120970501477e-01 8.897744769495516959e-01
0.000000000000000000e+00 3.468266507595569315e-01 8.884159043564894276e-01
0.000000000000000000e+00 3.472597533650122470e-01 8.914953355674304358e-01
0.000000000000000000e+00 3.462295480511657364e-01 8.930350511729010510e-01
0.000000000000000000e+00 3.418374140330947553e-01 8.934879087039216961e-01
0.000000000000000000e+00 3.413509258973623228e-01 8.925821936418802949e-01
1.000000000000000000e+00 2.335601269930832613e-01 9.276333665428856401e-01
1.000000000000000000e+00 1.811518424500792035e-01 9.402228059052621933e-01
1.000000000000000000e+00 1.657826560468058652e-01 9.433928086224073750e-01
1.000000000000000000e+00 1.598580200761000880e-01 9.434833801286115484e-01
1.000000000000000000e+00 1.517368963813375549e-01 9.462910968209401474e-01
1.000000000000000000e+00 1.516837908630347675e-01 9.473779548953898955e-01
1.000000000000000000e+00 1.535456305813289180e-01 9.453853817588986352e-01
1.000000000000000000e+00 1.440543035444810938e-01 9.482836699574314077e-01
1.000000000000000000e+00 1.412593402604445103e-01 9.498233855629019118e-01
1.000000000000000000e+00 1.465257519649233175e-01 9.449325242278778791e-01
1.000000000000000000e+00 1.388799942137317334e-01 9.498233855629019118e-01
1.000000000000000000e+00 1.461324445526046845e-01 9.453853817588986352e-01
1.000000000000000000e+00 1.365709144350798765e-01 9.516348156869848252e-01
1.000000000000000000e+00 1.291438461827039696e-01 9.557105334661715190e-01
1.000000000000000000e+00 1.287757335195588715e-01 9.551671044289467005e-01
2.000000000000000000e+00 2.018429883187041196e-01 9.388642333122000361e-01
2.000000000000000000e+00 1.382015280611290087e-01 9.552576759351507629e-01
2.000000000000000000e+00 1.305193111605531253e-01 9.562539625033964485e-01
2.000000000000000000e+00 1.161623421973846521e-01 9.616882528756452997e-01
2.000000000000000000e+00 1.186613078841016466e-01 9.593333937143374568e-01
2.000000000000000000e+00 1.111445823219010254e-01 9.617788243818494731e-01
2.000000000000000000e+00 1.061515413360365617e-01 9.644959695679738987e-01
2.000000000000000000e+00 1.031714198116892162e-01 9.663979711982609855e-01
2.000000000000000000e+00 1.072839443871215909e-01 9.630468254687075680e-01
2.000000000000000000e+00 9.705593108141281899e-02 9.687528303595688284e-01
2.000000000000000000e+00 9.892105126372972845e-02 9.672131147540983243e-01
2.000000000000000000e+00 9.963941391203159914e-02 9.665791142106693323e-01
2.000000000000000000e+00 1.021717453470801229e-01 9.646771125803822455e-01
2.000000000000000000e+00 9.422163501037342237e-02 9.686622588533647660e-01
2.000000000000000000e+00 9.619406847531840332e-02 9.682999728285481833e-01
3.000000000000000000e+00 1.765687386987437602e-01 9.453853817588986352e-01
3.000000000000000000e+00 1.334945723899626790e-01 9.581559641336835353e-01
3.000000000000000000e+00 1.151972709489223201e-01 9.634996829997283241e-01
3.000000000000000000e+00 1.125885638156274710e-01 9.636808260121365599e-01
3.000000000000000000e+00 1.042515152743388324e-01 9.668508287292817416e-01
3.000000000000000000e+00 1.007684483103815087e-01 9.668508287292817416e-01
3.000000000000000000e+00 1.016878987683052515e-01 9.681188298161398365e-01
3.000000000000000000e+00 9.820857592362125521e-02 9.682094013223440099e-01
3.000000000000000000e+00 9.653377903585991238e-02 9.680282583099356630e-01
3.000000000000000000e+00 9.792668760014190676e-02 9.663979711982609855e-01
3.000000000000000000e+00 9.280552841845995937e-02 9.696585454216103406e-01
3.000000000000000000e+00 8.971985773242682760e-02 9.712888325332850181e-01
3.000000000000000000e+00 8.826642867240974688e-02 9.731002626573680425e-01
3.000000000000000000e+00 8.817951946852893574e-02 9.716511185581016008e-01
3.000000000000000000e+00 8.670358177263319532e-02 9.724662621139389396e-01
4.000000000000000000e+00 2.016328726260699922e-01 9.468345258581649659e-01
4.000000000000000000e+00 1.285344104771354579e-01 9.588805361833167007e-01
4.000000000000000000e+00 1.165201280021744695e-01 9.638619690245449068e-01
4.000000000000000000e+00 1.081617018033221439e-01 9.659451136672403404e-01
4.000000000000000000e+00 1.029236059386616636e-01 9.684811158409564191e-01
4.000000000000000000e+00 1.009307666325891251e-01 9.680282583099356630e-01
4.000000000000000000e+00 1.010732465538296820e-01 9.673942577665066711e-01
4.000000000000000000e+00 9.379018310749344389e-02 9.684811158409564191e-01
4.000000000000000000e+00 9.623621786696281988e-02 9.668508287292817416e-01
4.000000000000000000e+00 8.654907958847915528e-02 9.719228330767141211e-01
4.000000000000000000e+00 8.374948962333683689e-02 9.733719771759804518e-01
4.000000000000000000e+00 8.175367182681760048e-02 9.758174078434924681e-01
4.000000000000000000e+00 8.586198913006372335e-02 9.704736889774476793e-01
4.000000000000000000e+00 9.391288923553582635e-02 9.669414002354859150e-01
4.000000000000000000e+00 8.198506236675832948e-02 9.740059777194094437e-01
5.000000000000000000e+00 1.838021165253281297e-01 9.444796666968571230e-01
5.000000000000000000e+00 1.346144580752572373e-01 9.575219635902545434e-01
5.000000000000000000e+00 1.178171944369850455e-01 9.627751109500950477e-01
5.000000000000000000e+00 1.107506205560070400e-01 9.635902545059323865e-01
5.000000000000000000e+00 1.041139708179701362e-01 9.662168281858527497e-01
5.000000000000000000e+00 1.060306688213461940e-01 9.629562539625033946e-01
5.000000000000000000e+00 1.035721675334140418e-01 9.625033964314826385e-01
5.000000000000000000e+00 9.111380094846457944e-02 9.692056878905895845e-01
5.000000000000000000e+00 8.738716951354638662e-02 9.716511185581016008e-01
5.000000000000000000e+00 9.043139161221958044e-02 9.704736889774476793e-01
5.000000000000000000e+00 8.356983549759512686e-02 9.721945475953265303e-01
5.000000000000000000e+00 8.650642740891337223e-02 9.699302599402228608e-01
5.000000000000000000e+00 8.149022865506866387e-02 9.731002626573680425e-01
5.000000000000000000e+00 8.289637261594859363e-02 9.717416900643057742e-01
5.000000000000000000e+00 7.865241589631515040e-02 9.748211212752467825e-01
6.000000000000000000e+00 1.859039742931256345e-01 9.443890951906530606e-01
6.000000000000000000e+00 1.375900047331992393e-01 9.590616791957250475e-01
6.000000000000000000e+00 1.242454034533850421e-01 9.603296802825831424e-01
6.000000000000000000e+00 1.069780088119517136e-01 9.663979711982609855e-01
6.000000000000000000e+00 1.044655187459376661e-01 9.660356851734444028e-01
6.000000000000000000e+00 9.728678127938282516e-02 9.684811158409564191e-01
6.000000000000000000e+00 9.883465941326829984e-02 9.666696857168735058e-01
6.000000000000000000e+00 9.055677852123551752e-02 9.702019744588352701e-01
6.000000000000000000e+00 8.840886318058059634e-02 9.696585454216103406e-01
6.000000000000000000e+00 8.426088602775713698e-02 9.724662621139389396e-01
6.000000000000000000e+00 8.727628678585837296e-02 9.711076895208767823e-01
6.000000000000000000e+00 8.152856357577757673e-02 9.729191196449596957e-01
6.000000000000000000e+00 7.966684010640290303e-02 9.736436916945928610e-01
6.000000000000000000e+00 7.950665908689885653e-02 9.738248347070012079e-01
6.000000000000000000e+00 7.759081539512707737e-02 9.751834073000633651e-01
7.000000000000000000e+00 2.002531156664759115e-01 9.391359478308124453e-01
7.000000000000000000e+00 1.403938988429681844e-01 9.558011049723756924e-01
7.000000000000000000e+00 1.188957523614050937e-01 9.634091114935241507e-01
7.000000000000000000e+00 1.046391549213218086e-01 9.682999728285481833e-01
7.000000000000000000e+00 1.015468884234418251e-01 9.668508287292817416e-01
7.000000000000000000e+00 1.024066882886324192e-01 9.635902545059323865e-01
7.000000000000000000e+00 9.518126374875707230e-02 9.670319717416900884e-01
7.000000000000000000e+00 9.648199963906052556e-02 9.661262566796485762e-01
7.000000000000000000e+00 8.678339833158019156e-02 9.718322615705099476e-01
7.000000000000000000e+00 8.302733392555361469e-02 9.740059777194094437e-01
7.000000000000000000e+00 8.018338490874661606e-02 9.751834073000633651e-01
7.000000000000000000e+00 8.237417890970059886e-02 9.748211212752467825e-01
7.000000000000000000e+00 7.903396553452998741e-02 9.749116927814509559e-01
7.000000000000000000e+00 8.159072039787322594e-02 9.755456933248799478e-01
7.000000000000000000e+00 7.720031392239604107e-02 9.764514083869214600e-01
8.000000000000000000e+00 2.113958613926276153e-01 9.345168010144008219e-01
8.000000000000000000e+00 1.514081208319844885e-01 9.516348156869848252e-01
8.000000000000000000e+00 1.240678409678286631e-01 9.620505389004618824e-01
8.000000000000000000e+00 1.097823680012515457e-01 9.675754007789149069e-01
8.000000000000000000e+00 1.051354151473044979e-01 9.676659722851190804e-01
8.000000000000000000e+00 1.002906190792040991e-01 9.682094013223440099e-01
8.000000000000000000e+00 9.831386414097198490e-02 9.677565437913232538e-01
8.000000000000000000e+00 9.543672674605663264e-02 9.664885427044651589e-01
8.000000000000000000e+00 9.006165739383059643e-02 9.700208314464269233e-01
8.000000000000000000e+00 8.566581462292910398e-02 9.722851191015307037e-01
8.000000000000000000e+00 8.798079605360521749e-02 9.698396884340186874e-01
8.000000000000000000e+00 8.223339680048193101e-02 9.746399782628385466e-01
8.000000000000000000e+00 8.364373139798995938e-02 9.731002626573680425e-01
8.000000000000000000e+00 7.851437671425472165e-02 9.763608368807172866e-01
8.000000000000000000e+00 7.881453216953852869e-02 9.751834073000633651e-01
9.000000000000000000e+00 2.363415904027152126e-01 9.303505117290100657e-01
9.000000000000000000e+00 1.539700738426254822e-01 9.519065302055973454e-01
9.000000000000000000e+00 1.252122011985195571e-01 9.622316819128702292e-01
9.000000000000000000e+00 1.159281857403663268e-01 9.620505389004618824e-01
9.000000000000000000e+00 1.120519869463539597e-01 9.631373969749117414e-01
9.000000000000000000e+00 1.061289418815366259e-01 9.632279684811158038e-01
9.000000000000000000e+00 1.004732199194622172e-01 9.657639706548319936e-01
9.000000000000000000e+00 1.004909566236950186e-01 9.621411104066660558e-01
9.000000000000000000e+00 9.530333390738972288e-02 9.638619690245449068e-01
9.000000000000000000e+00 9.400010196877665869e-02 9.667602572230775682e-01
9.000000000000000000e+00 8.828670107921231247e-02 9.694774024092021047e-01
9.000000000000000000e+00 8.515513847248722124e-02 9.704736889774476793e-01
9.000000000000000000e+00 9.337182312103148307e-02 9.675754007789149069e-01
9.000000000000000000e+00 8.504188833338786890e-02 9.694774024092021047e-01
9.000000000000000000e+00 8.613662758970447308e-02 9.695679739154061672e-01
1.000000000000000000e+01 2.139413043526983971e-01 9.338828004709718300e-01
1.000000000000000000e+01 1.562938221875149747e-01 9.477402409202064781e-01
1.000000000000000000e+01 1.239903320854900820e-01 9.632279684811158038e-01
1.000000000000000000e+01 1.189823621925530234e-01 9.628656824562992211e-01
1.000000000000000000e+01 1.083258072804017674e-01 9.641336835431573160e-01
1.000000000000000000e+01 1.063256571921237376e-01 9.630468254687075680e-01
1.000000000000000000e+01 9.885997161219250984e-02 9.667602572230775682e-01
1.000000000000000000e+01 9.577525693331340184e-02 9.660356851734444028e-01
1.000000000000000000e+01 8.935354158711282524e-02 9.721039760891223569e-01
1.000000000000000000e+01 9.301273978665884623e-02 9.680282583099356630e-01
1.000000000000000000e+01 8.519310467677700116e-02 9.728285481387555222e-01
1.000000000000000000e+01 8.535090609658173288e-02 9.714699755456933650e-01
1.000000000000000000e+01 8.201858068915068856e-02 9.730096911511638691e-01
1.000000000000000000e+01 8.128198398165228933e-02 9.742776922380219640e-01
1.000000000000000000e+01 7.971923509024596288e-02 9.748211212752467825e-01
1.100000000000000000e+01 2.046552677003676823e-01 9.337922289647676566e-01
1.100000000000000000e+01 1.571779809708410414e-01 9.477402409202064781e-01
1.100000000000000000e+01 1.330191229420354115e-01 9.576125350964586058e-01
1.100000000000000000e+01 1.132296221305914563e-01 9.655828276424236467e-01
1.100000000000000000e+01 1.091227209631108475e-01 9.655828276424236467e-01
1.100000000000000000e+01 1.026084122964645157e-01 9.658545421610361670e-01
1.100000000000000000e+01 9.941133183343030255e-02 9.645865410741780721e-01
1.100000000000000000e+01 9.502361339271693519e-02 9.672131147540983243e-01
1.100000000000000000e+01 9.091235835977284907e-02 9.692056878905895845e-01
1.100000000000000000e+01 8.979679499023347777e-02 9.705642604836518528e-01
1.100000000000000000e+01 8.608256039587768027e-02 9.740965492256136171e-01
1.100000000000000000e+01 8.378908747337741880e-02 9.740059777194094437e-01
1.100000000000000000e+01 8.139414227207880659e-02 9.759079793496965305e-01
1.100000000000000000e+01 8.505293765168042697e-02 9.723756906077347661e-01
1.100000000000000000e+01 7.985546861896647419e-02 9.754551218186758854e-01
1.200000000000000000e+01 2.286011484290310924e-01 9.313467982972556403e-01
1.200000000000000000e+01 1.630378673328168049e-01 9.507291006249434240e-01
1.200000000000000000e+01 1.298166057076150237e-01 9.611448238384204812e-01
1.200000000000000000e+01 1.161059383914322257e-01 9.641336835431573160e-01
1.200000000000000000e+01 1.136336624694374298e-01 9.641336835431573160e-01
1.200000000000000000e+01 1.095961018712204027e-01 9.645865410741780721e-01
1.200000000000000000e+01 1.017707575804354947e-01 9.634091114935241507e-01
1.200000000000000000e+01 9.545679791471721465e-02 9.666696857168735058e-01
1.200000000000000000e+01 9.289850659087951767e-02 9.696585454216103406e-01
1.200000000000000000e+01 8.457515467293348632e-02 9.751834073000633651e-01
1.200000000000000000e+01 8.434425119890164024e-02 9.739154062132052703e-01
1.200000000000000000e+01 8.076114799102396269e-02 9.755456933248799478e-01
1.200000000000000000e+01 7.923697390039549648e-02 9.769042659179422161e-01
1.200000000000000000e+01 7.998839576335992074e-02 9.760891223621048773e-01
1.200000000000000000e+01 8.122600198230377211e-02 9.740965492256136171e-01
1.300000000000000000e+01 2.249602738870208063e-01 9.317090843220722229e-01
1.300000000000000000e+01 1.661114531984892451e-01 9.473779548953898955e-01
1.300000000000000000e+01 1.454134688257270602e-01 9.525405307490263374e-01
1.300000000000000000e+01 1.223908797024255285e-01 9.607825378136037875e-01
1.300000000000000000e+01 1.139613100183663602e-01 9.632279684811158038e-01
1.300000000000000000e+01 1.072196857744211612e-01 9.627751109500950477e-01
1.300000000000000000e+01 1.024110696136585202e-01 9.609636808260121343e-01
1.300000000000000000e+01 9.551317352781034387e-02 9.683905443347522457e-01
1.300000000000000000e+01 8.918373501900009326e-02 9.718322615705099476e-01
1.300000000000000000e+01 8.843011489213378762e-02 9.727379766325513488e-01
1.300000000000000000e+01 8.645786585612870445e-02 9.731908341635721049e-01
1.300000000000000000e+01 8.758569086186299146e-02 9.726474051263472864e-01
1.300000000000000000e+01 8.371314004433079436e-02 9.737342632007970344e-01
1.300000000000000000e+01 8.359064623423932694e-02 9.735531201883886876e-01
1.300000000000000000e+01 8.127922953738157819e-02 9.751834073000633651e-01
1.400000000000000000e+01 2.302306133892041973e-01 9.273616520242731198e-01
1.400000000000000000e+01 1.695424390021877670e-01 9.457476677837152179e-01
1.400000000000000000e+01 1.345692025057920738e-01 9.578842496150711261e-01
1.400000000000000000e+01 1.186133864577202934e-01 9.621411104066660558e-01
1.400000000000000000e+01 1.130285982397366967e-01 9.625033964314826385e-01
1.400000000000000000e+01 1.089075641665834954e-01 9.585182501585001180e-01
1.400000000000000000e+01 9.928053356933004558e-02 9.678471152975274272e-01
1.400000000000000000e+01 9.066019059334461117e-02 9.714699755456933650e-01
1.400000000000000000e+01 8.959792387068787889e-02 9.712888325332850181e-01
1.400000000000000000e+01 8.438080450942885002e-02 9.733719771759804518e-01
1.400000000000000000e+01 8.343142889105292781e-02 9.731908341635721049e-01
1.400000000000000000e+01 8.415702487083966121e-02 9.729191196449596957e-01
1.400000000000000000e+01 7.915259967751356318e-02 9.760891223621048773e-01
1.400000000000000000e+01 7.931174627041344405e-02 9.750928357938593027e-01
1.400000000000000000e+01 7.650600687381049758e-02 9.769042659179422161e-01
1.500000000000000000e+01 2.297657274470999156e-01 9.276333665428856401e-01
1.500000000000000000e+01 1.692771117326938302e-01 9.475590979077982423e-01
1.500000000000000000e+01 1.356062663252306233e-01 9.597862512453582129e-01
1.500000000000000000e+01 1.195442900945402898e-01 9.615071098632370639e-01
1.500000000000000000e+01 1.181095400235307041e-01 9.580653926274793619e-01
1.500000000000000000e+01 1.030963908764125220e-01 9.628656824562992211e-01
1.500000000000000000e+01 9.666141939035212405e-02 9.640431120369531426e-01
1.500000000000000000e+01 9.329331144262090203e-02 9.702925459650394435e-01
1.500000000000000000e+01 8.791623819850322152e-02 9.723756906077347661e-01
1.500000000000000000e+01 8.753151384930579759e-02 9.722851191015307037e-01
1.500000000000000000e+01 8.910644776890512542e-02 9.715605470518974274e-01
1.500000000000000000e+01 8.209342552981070684e-02 9.748211212752467825e-01
1.500000000000000000e+01 7.803815824701915149e-02 9.764514083869214600e-01
1.500000000000000000e+01 7.854615597661085413e-02 9.755456933248799478e-01
1.500000000000000000e+01 7.825411618701293148e-02 9.759985508559007039e-01
1.600000000000000000e+01 2.269369894477360483e-01 9.330676569151344912e-01
1.600000000000000000e+01 1.763967715633837641e-01 9.443890951906530606e-01
1.600000000000000000e+01 1.358572069682788541e-01 9.581559641336835353e-01
1.600000000000000000e+01 1.124543155576659681e-01 9.635902545059323865e-01
1.600000000000000000e+01 1.053974290914891643e-01 9.610542523322163078e-01
1.600000000000000000e+01 1.032820294095065511e-01 9.619599673942578200e-01
1.600000000000000000e+01 9.358167403018213815e-02 9.674848292727108445e-01
1.600000000000000000e+01 9.770147548997334952e-02 9.671225432478942619e-01
1.600000000000000000e+01 8.811861283939645406e-02 9.716511185581016008e-01
1.600000000000000000e+01 8.465920606845331320e-02 9.731908341635721049e-01
1.600000000000000000e+01 8.263186589895565870e-02 9.746399782628385466e-01
1.600000000000000000e+01 7.896788138643076604e-02 9.760891223621048773e-01
1.600000000000000000e+01 7.955894553696524207e-02 9.756362648310841212e-01
1.600000000000000000e+01 8.240078832868800995e-02 9.746399782628385466e-01
1.600000000000000000e+01 7.513969558250752079e-02 9.775382664613712080e-01
