0.000000000000000000e+00 3.773252219130628915e-01 8.754641789692962917e-01
0.000000000000000000e+00 3.499901443629607756e-01 8.762793225251336304e-01
0.000000000000000000e+00 3.433638629432693157e-01 8.756453219817045275e-01
0.000000000000000000e+00 3.414126172794297309e-01 8.791776107236662918e-01
0.000000000000000000e+00 3.388620006716931976e-01 8.801738972919119774e-01
0.000000000000000000e+00 3.376132131610237730e-01 8.775473236119916143e-01
0.000000000000000000e+00 3.377137350200070109e-01 8.763698940313376928e-01
0.000000000000000000e+00 3.345569319686582666e-01 8.799927542795036306e-01
0.000000000000000000e+00 3.323733757019984858e-01 8.802644687981161509e-01
0.000000000000000000e+00 3.337850672063055191e-01 8.787247531926456467e-01
0.000000000000000000e+00 3.415904113829876243e-01 8.713884611901095978e-01
0.000000000000000000e+00 3.297677023197364554e-01 8.817136128973824816e-01
0.000000000000000000e+00 3.279450934951361751e-01 8.837061860338737418e-01
0.000000000000000000e+00 3.263983273714345379e-01 8.843401865773027337e-01
0.000000000000000000e+00 3.258448706293116115e-01 8.849741871207318367e-01
1.000000000000000000e+00 3.986690408000569952e-01 8.686713160039851722e-01
1.000000000000000000e+00 3.530277556690148977e-01 8.748301784258671887e-01
1.000000000000000000e+00 3.464195884564872374e-01 8.745584639072547795e-01
1.000000000000000000e+00 3.416714813746790091e-01 8.778190381306041346e-01
1.000000000000000000e+00 3.420669354368527371e-01 8.729281767955801019e-01
1.000000000000000000e+00 3.378516227636299551e-01 8.773661805995833785e-01
1.000000000000000000e+00 3.371530572671999626e-01 8.788153246988497092e-01
1.000000000000000000e+00 3.406188160491627204e-01 8.713884611901095978e-01
1.000000000000000000e+00 3.375235680407772665e-01 8.745584639072547795e-01
1.000000000000000000e+00 3.335458261880769881e-01 8.781813241554207172e-01
1.000000000000000000e+00 3.363276972048580005e-01 8.779096096368083080e-01
1.000000000000000000e+00 3.357891941180921602e-01 8.751018929444797090e-01
1.000000000000000000e+00 3.393418823755429137e-01 8.723847477583551724e-01
1.000000000000000000e+00 3.431162837250730790e-01 8.694864595598225110e-01
1.000000000000000000e+00 3.311241051066927121e-01 8.811701838601575520e-01
2.000000000000000000e+00 3.860287846963091352e-01 8.717507472149261805e-01
2.000000000000000000e+00 3.511706820431490517e-01 8.767321800561543865e-01
2.000000000000000000e+00 3.506540097252375254e-01 8.802644687981161509e-01
2.000000000000000000e+00 3.373199838554233332e-01 8.815324698849741347e-01
2.000000000000000000e+00 3.395286894924963161e-01 8.775473236119916143e-01
2.000000000000000000e+00 3.299888498221616451e-01 8.832533285028529857e-01
2.000000000000000000e+00 3.290140340677022435e-01 8.827098994656281672e-01
2.000000000000000000e+00 3.296595820114304742e-01 8.810796123539534896e-01
2.000000000000000000e+00 3.249087184266286066e-01 8.853364731455484193e-01
2.000000000000000000e+00 3.245380469649277733e-01 8.858799021827733489e-01
2.000000000000000000e+00 3.223406837048298224e-01 8.894121909247351132e-01
2.000000000000000000e+00 3.291482108588109079e-01 8.826193279594239938e-01
2.000000000000000000e+00 3.221387706663051409e-01 8.872384747758355061e-01
2.000000000000000000e+00 3.254437041174479406e-01 8.851553301331400725e-01
2.000000000000000000e+00 3.177075431717391596e-01 8.903179059867765144e-01
3.000000000000000000e+00 3.803597973584688652e-01 8.718413187211303539e-01
3.000000000000000000e+00 3.498206499351144694e-01 8.768227515623584489e-01
3.000000000000000000e+00 3.427221008166969618e-01 8.766416085499502131e-01
3.000000000000000000e+00 3.361926348291582878e-01 8.801738972919119774e-01
3.000000000000000000e+00 3.344490043491351594e-01 8.812607553663617255e-01
3.000000000000000000e+00 3.323332932476463220e-01 8.813513268725658989e-01
3.000000000000000000e+00 3.316037712791565228e-01 8.822570419346074111e-01
3.000000000000000000e+00 3.327060456527363153e-01 8.775473236119916143e-01
3.000000000000000000e+00 3.384097942659282654e-01 8.699393170908432671e-01
3.000000000000000000e+00 3.289196364943114403e-01 8.831627569966488123e-01
3.000000000000000000e+00 3.243543290747989416e-01 8.841590435648944979e-01
3.000000000000000000e+00 3.301228852843894890e-01 8.776378951181957877e-01
3.000000000000000000e+00 3.285948157746856335e-01 8.825287564532198203e-01
3.000000000000000000e+00 3.290989852703915530e-01 8.781813241554207172e-01
3.000000000000000000e+00 3.215364910170543378e-01 8.884159043564894276e-01
4.000000000000000000e+00 3.793224374155579337e-01 8.720224617335385897e-01
4.000000000000000000e+00 3.497232898134794432e-01 8.763698940313376928e-01
4.000000000000000000e+00 3.444981580545440902e-01 8.771850375871750316e-01
4.000000000000000000e+00 3.413608374925037325e-01 8.765510370437460397e-01
4.000000000000000000e+00 3.396416857812313284e-01 8.741961778824381968e-01
4.000000000000000000e+00 3.359680477580670455e-01 8.799927542795036306e-01
4.000000000000000000e+00 3.369691259003719241e-01 8.797210397608912213e-01
4.000000000000000000e+00 3.364293757516436112e-01 8.772756090933792050e-01
4.000000000000000000e+00 3.382598253530266219e-01 8.773661805995833785e-01
4.000000000000000000e+00 3.327584365012931089e-01 8.801738972919119774e-01
4.000000000000000000e+00 3.298083693194174826e-01 8.818947559097908284e-01
4.000000000000000000e+00 3.330849237387472628e-01 8.776378951181957877e-01
4.000000000000000000e+00 3.267907678441148156e-01 8.800833257857078040e-01
4.000000000000000000e+00 3.272429427332070873e-01 8.825287564532198203e-01
4.000000000000000000e+00 3.237360128212067312e-01 8.850647586269360101e-01
5.000000000000000000e+00 3.787583601318349480e-01 8.720224617335385897e-01
5.000000000000000000e+00 3.522488536541262261e-01 8.745584639072547795e-01
5.000000000000000000e+00 3.396065307919394205e-01 8.790870392174622294e-01
5.000000000000000000e+00 3.380185251351466857e-01 8.809890408477493162e-01
5.000000000000000000e+00 3.353193579449137429e-01 8.779096096368083080e-01
5.000000000000000000e+00 3.325259696526203790e-01 8.791776107236662918e-01
5.000000000000000000e+00 3.289118379046657714e-01 8.832533285028529857e-01
5.000000000000000000e+00 3.306683763479276172e-01 8.837967575400779152e-01
5.000000000000000000e+00 3.274778662944479168e-01 8.843401865773027337e-01
5.000000000000000000e+00 3.259522525464201292e-01 8.844307580835069071e-01
5.000000000000000000e+00 3.237791563486911439e-01 8.853364731455484193e-01
5.000000000000000000e+00 3.279512438723271028e-01 8.825287564532198203e-01
5.000000000000000000e+00 3.219278349583714616e-01 8.842496150710986713e-01
5.000000000000000000e+00 3.189459342498637273e-01 8.887781903813060103e-01
5.000000000000000000e+00 3.203106355358653068e-01 8.850647586269360101e-01
6.000000000000000000e+00 3.778813812468091449e-01 8.745584639072547795e-01
6.000000000000000000e+00 3.441965538313450645e-01 8.785436101802372999e-01
6.000000000000000000e+00 3.392988468597566976e-01 8.787247531926456467e-01
6.000000000000000000e+00 3.313472859958779826e-01 8.831627569966488123e-01
6.000000000000000000e+00 3.305113316889509711e-01 8.800833257857078040e-01
6.000000000000000000e+00 3.268187195017878688e-01 8.851553301331400725e-01
6.000000000000000000e+00 3.249542619240176622e-01 8.872384747758355061e-01
6.000000000000000000e+00 3.203797826928714287e-01 8.894121909247351132e-01
6.000000000000000000e+00 3.180702552205294520e-01 8.923104791232677746e-01
6.000000000000000000e+00 3.214410337440228860e-01 8.916764785798387827e-01
6.000000000000000000e+00 3.158321797168519574e-01 8.911330495426138532e-01
6.000000000000000000e+00 3.153758222553383339e-01 8.934879087039216961e-01
6.000000000000000000e+00 3.188818664857542284e-01 8.911330495426138532e-01
6.000000000000000000e+00 3.109390252622229456e-01 8.946653382845756175e-01
6.000000000000000000e+00 3.114531862455903743e-01 8.920387646046553654e-01
7.000000000000000000e+00 3.834605374495467789e-01 8.760981795127252836e-01
7.000000000000000000e+00 3.495255414490660573e-01 8.769133230685626224e-01
7.000000000000000000e+00 3.413536938567344747e-01 8.811701838601575520e-01
7.000000000000000000e+00 3.384141617961497484e-01 8.822570419346074111e-01
7.000000000000000000e+00 3.347515638884323574e-01 8.841590435648944979e-01
7.000000000000000000e+00 3.302196486212604642e-01 8.831627569966488123e-01
7.000000000000000000e+00 3.269726207037032539e-01 8.843401865773027337e-01
7.000000000000000000e+00 3.377610726873556124e-01 8.707544606466806059e-01
7.000000000000000000e+00 3.221503729791006521e-01 8.877819038130604357e-01
7.000000000000000000e+00 3.276718112014576079e-01 8.831627569966488123e-01
7.000000000000000000e+00 3.190917919163093752e-01 8.899556199619599317e-01
7.000000000000000000e+00 3.201226438324929480e-01 8.857893306765691754e-01
7.000000000000000000e+00 3.259104566429331107e-01 8.829816139842405764e-01
7.000000000000000000e+00 3.149206293834659887e-01 8.932161941853092868e-01
7.000000000000000000e+00 3.179560765699350755e-01 8.894121909247351132e-01
8.000000000000000000e+00 3.746177429766599509e-01 8.717507472149261805e-01
8.000000000000000000e+00 3.455705524411009644e-01 8.766416085499502131e-01
8.000000000000000000e+00 3.399795339889724599e-01 8.785436101802372999e-01
8.000000000000000000e+00 3.367381530723870253e-01 8.812607553663617255e-01
8.000000000000000000e+00 3.303730577665516255e-01 8.845213295897110806e-01
8.000000000000000000e+00 3.292164409045761353e-01 8.828910424780364030e-01
8.000000000000000000e+00 3.269642927527650067e-01 8.858799021827733489e-01
8.000000000000000000e+00 3.270738908972243841e-01 8.857893306765691754e-01
8.000000000000000000e+00 3.235245322530875822e-01 8.849741871207318367e-01
8.000000000000000000e+00 3.222631999033702122e-01 8.881441898378770183e-01
8.000000000000000000e+00 3.308366298003130868e-01 8.811701838601575520e-01
8.000000000000000000e+00 3.200974783406295154e-01 8.880536183316728449e-01
8.000000000000000000e+00 3.207464424570974915e-01 8.875101892944479154e-01
8.000000000000000000e+00 3.204146158248028509e-01 8.898650484557558693e-01
8.000000000000000000e+00 3.235616326126137809e-01 8.861516167013857581e-01
9.000000000000000000e+00 3.735675131650310066e-01 8.710261751652930151e-01
9.000000000000000000e+00 3.462163077219407858e-01 8.785436101802372999e-01
9.000000000000000000e+00 3.423052376208451930e-01 8.798116112670953948e-01
9.000000000000000000e+00 3.347966562073076413e-01 8.826193279594239938e-01
9.000000000000000000e+00 3.290813795930944696e-01 8.860610451951815847e-01
9.000000000000000000e+00 3.298023303562919173e-01 8.878724753192646091e-01
9.000000000000000000e+00 3.259556264830780203e-01 8.848836156145276632e-01
9.000000000000000000e+00 3.257549387100295846e-01 8.856987591703650020e-01
9.000000000000000000e+00 3.202517706371298956e-01 8.902273344805724520e-01
9.000000000000000000e+00 3.230583217367274940e-01 8.851553301331400725e-01
9.000000000000000000e+00 3.190970906327094125e-01 8.864233312199981674e-01
9.000000000000000000e+00 3.174462451577485522e-01 8.916764785798387827e-01
9.000000000000000000e+00 3.138371081596759149e-01 8.912236210488180266e-01
9.000000000000000000e+00 3.145882872508251604e-01 8.913141925550222000e-01
9.000000000000000000e+00 3.208855505577609124e-01 8.880536183316728449e-01
1.000000000000000000e+01 4.451207571816312991e-01 8.303595688796304719e-01
1.000000000000000000e+01 3.656598181402855308e-01 8.754641789692962917e-01
1.000000000000000000e+01 3.477075100787105355e-01 8.764604655375418663e-01
1.000000000000000000e+01 3.445417941868886835e-01 8.764604655375418663e-01
1.000000000000000000e+01 3.452672800236867290e-01 8.787247531926456467e-01
1.000000000000000000e+01 3.397385993121822545e-01 8.775473236119916143e-01
1.000000000000000000e+01 3.394403062225009315e-01 8.795398967484828745e-01
1.000000000000000000e+01 3.487114952053789740e-01 8.669504573861063212e-01
1.000000000000000000e+01 3.418764967473090222e-01 8.709356036590888417e-01
1.000000000000000000e+01 3.352583459150877965e-01 8.756453219817045275e-01
1.000000000000000000e+01 3.475631954670788670e-01 8.696676025722307468e-01
1.000000000000000000e+01 3.423579398618832870e-01 8.705733176342722590e-01
1.000000000000000000e+01 3.363249308435288798e-01 8.767321800561543865e-01
1.000000000000000000e+01 3.381112565069210874e-01 8.725658907707635192e-01
1.000000000000000000e+01 3.327286132530061780e-01 8.771850375871750316e-01
1.100000000000000000e+01 3.760333524095113011e-01 8.728376052893759285e-01
1.100000000000000000e+01 3.450014952605796048e-01 8.772756090933792050e-01
1.100000000000000000e+01 3.488259483522495596e-01 8.745584639072547795e-01
1.100000000000000000e+01 3.344292491029347003e-01 8.834344715152613325e-01
1.100000000000000000e+01 3.329907067648071872e-01 8.826193279594239938e-01
1.100000000000000000e+01 3.292795541861705533e-01 8.837061860338737418e-01
1.100000000000000000e+01 3.264453775546781178e-01 8.861516167013857581e-01
1.100000000000000000e+01 3.261691213128737332e-01 8.883253328502852542e-01
1.100000000000000000e+01 3.253741098348203464e-01 8.852459016393442459e-01
1.100000000000000000e+01 3.224789384854492846e-01 8.860610451951815847e-01
1.100000000000000000e+01 3.236350301762007109e-01 8.847930441083234898e-01
1.100000000000000000e+01 3.196606946533437354e-01 8.890499048999185305e-01
1.100000000000000000e+01 3.171237674217335378e-01 8.904990489991848612e-01
1.100000000000000000e+01 3.148047176591868279e-01 8.924010506294719480e-01
1.100000000000000000e+01 3.153552983588768788e-01 8.900461914681641051e-01
1.200000000000000000e+01 3.763001949304778937e-01 8.702110316094556763e-01
1.200000000000000000e+01 3.516203865968821063e-01 8.763698940313376928e-01
1.200000000000000000e+01 3.438122845483851941e-01 8.772756090933792050e-01
1.200000000000000000e+01 3.418801823980902599e-01 8.779096096368083080e-01
1.200000000000000000e+01 3.376878958771398764e-01 8.798116112670953948e-01
1.200000000000000000e+01 3.361611503835638670e-01 8.826193279594239938e-01
1.200000000000000000e+01 3.336894238169999527e-01 8.788153246988497092e-01
1.200000000000000000e+01 3.317373163737523667e-01 8.812607553663617255e-01
1.200000000000000000e+01 3.280187494437661888e-01 8.850647586269360101e-01
1.200000000000000000e+01 3.257925468067630059e-01 8.865139027262023408e-01
1.200000000000000000e+01 3.243248448364908221e-01 8.862421882075899315e-01
1.200000000000000000e+01 3.322266587716479203e-01 8.808078978353409694e-01
1.200000000000000000e+01 3.281672774850414309e-01 8.879630468254686715e-01
1.200000000000000000e+01 3.222846097734560766e-01 8.866044742324065142e-01
1.200000000000000000e+01 3.209255040629278577e-01 8.880536183316728449e-01
1.300000000000000000e+01 3.992468505669837242e-01 8.658635993116565732e-01
1.300000000000000000e+01 3.466321320496766334e-01 8.778190381306041346e-01
1.300000000000000000e+01 3.377848080207651593e-01 8.821664704284032377e-01
1.300000000000000000e+01 3.308908497164915197e-01 8.831627569966488123e-01
1.300000000000000000e+01 3.265147613083730360e-01 8.847930441083234898e-01
1.300000000000000000e+01 3.251131785957152021e-01 8.851553301331400725e-01
1.300000000000000000e+01 3.237396933157359880e-01 8.882347613440811918e-01
1.300000000000000000e+01 3.207698416015858367e-01 8.883253328502852542e-01
1.300000000000000000e+01 3.315423260769120306e-01 8.829816139842405764e-01
1.300000000000000000e+01 3.175928571128153743e-01 8.890499048999185305e-01
1.300000000000000000e+01 3.150901335508521361e-01 8.924916221356761215e-01
1.300000000000000000e+01 3.188683141743849925e-01 8.901367629743682786e-01
1.300000000000000000e+01 3.132832350924762421e-01 8.936690517163300429e-01
1.300000000000000000e+01 3.114910465247991977e-01 8.933067656915134602e-01
1.300000000000000000e+01 3.116629592424492445e-01 8.911330495426138532e-01
1.400000000000000000e+01 3.853741868494569012e-01 8.737433203514174407e-01
1.400000000000000000e+01 3.458950162851556764e-01 8.783624671678289531e-01
1.400000000000000000e+01 3.378529687612291110e-01 8.817136128973824816e-01
1.400000000000000000e+01 3.356253040541191668e-01 8.805361833167285601e-01
1.400000000000000000e+01 3.296877230024448657e-01 8.843401865773027337e-01
1.400000000000000000e+01 3.265444826790085409e-01 8.854270446517525928e-01
1.400000000000000000e+01 3.379117434158556699e-01 8.828910424780364030e-01
1.400000000000000000e+01 3.218492510522910632e-01 8.868761887510189235e-01
1.400000000000000000e+01 3.201449714405049662e-01 8.865139027262023408e-01
1.400000000000000000e+01 3.201328890638430180e-01 8.885970473688977744e-01
1.400000000000000000e+01 3.155889071191598783e-01 8.895933339371433490e-01
1.400000000000000000e+01 3.148457021909722986e-01 8.904990489991848612e-01
1.400000000000000000e+01 3.148870242016461041e-01 8.935784802101258695e-01
1.400000000000000000e+01 3.118452812533872298e-01 8.924010506294719480e-01
1.400000000000000000e+01 3.130115038876013500e-01 8.939407662349424522e-01
1.500000000000000000e+01 4.073820182972087145e-01 8.720224617335385897e-01
1.500000000000000000e+01 3.515327078999340715e-01 8.779096096368083080e-01
1.500000000000000000e+01 3.387028424913599567e-01 8.798116112670953948e-01
1.500000000000000000e+01 3.355120793923159761e-01 8.787247531926456467e-01
1.500000000000000000e+01 3.311327402026031375e-01 8.818041844035866550e-01
1.500000000000000000e+01 3.318332781547139176e-01 8.796304682546870479e-01
1.500000000000000000e+01 3.276870143037501348e-01 8.844307580835069071e-01
1.500000000000000000e+01 3.282436511405131263e-01 8.829816139842405764e-01
1.500000000000000000e+01 3.274807031353905717e-01 8.860610451951815847e-01
1.500000000000000000e+01 3.257849717783768417e-01 8.815324698849741347e-01
1.500000000000000000e+01 3.241389391317593405e-01 8.860610451951815847e-01
1.500000000000000000e+01 3.246910136660490775e-01 8.838873290462820886e-01
1.500000000000000000e+01 3.204891454242513316e-01 8.864233312199981674e-01
1.500000000000000000e+01 3.206375564877029238e-01 8.870573317634272703e-01
1.500000000000000000e+01 3.271449345583690715e-01 8.830721854904447499e-01
1.600000000000000000e+01 3.813249297420566730e-01 8.721130332397427631e-01
1.600000000000000000e+01 3.537072653994139393e-01 8.751018929444797090e-01
1.600000000000000000e+01 3.423669139349176938e-01 8.770944660809709692e-01
1.600000000000000000e+01 3.385475450936609176e-01 8.794493252422788121e-01
1.600000000000000000e+01 3.359196552667971236e-01 8.802644687981161509e-01
1.600000000000000000e+01 3.323957373027046081e-01 8.833439000090571591e-01
1.600000000000000000e+01 3.304453745974896828e-01 8.824381849470156469e-01
1.600000000000000000e+01 3.294702966214560491e-01 8.827098994656281672e-01
1.600000000000000000e+01 3.259607400826573520e-01 8.869667602572230969e-01
1.600000000000000000e+01 3.289592414954984889e-01 8.806267548229327335e-01
1.600000000000000000e+01 3.286841590130848978e-01 8.793587537360746387e-01
1.600000000000000000e+01 3.254369777194272007e-01 8.837967575400779152e-01
1.600000000000000000e+01 3.230683651487263885e-01 8.856081876641608286e-01
1.600000000000000000e+01 3.179181390773507254e-01 8.887781903813060103e-01
1.600000000000000000e+01 3.249805816036127615e-01 8.824381849470156469e-01
1.700000000000000000e+01 3.762722939231807895e-01 8.715696042025178336e-01
1.700000000000000000e+01 3.469746975290525781e-01 8.764604655375418663e-01
1.700000000000000000e+01 3.422663004386665153e-01 8.780001811430123704e-01
1.700000000000000000e+01 3.528174419646794013e-01 8.683090299791685895e-01
1.700000000000000000e+01 3.371624989210090795e-01 8.789964677112580560e-01
1.700000000000000000e+01 3.325705107709744368e-01 8.809890408477493162e-01
1.700000000000000000e+01 3.304229916883038021e-01 8.841590435648944979e-01
1.700000000000000000e+01 3.283779588592453669e-01 8.834344715152613325e-01
1.700000000000000000e+01 3.299034629988208955e-01 8.812607553663617255e-01
1.700000000000000000e+01 3.262098309517356132e-01 8.843401865773027337e-01
1.700000000000000000e+01 3.248399115924711089e-01 8.851553301331400725e-01
1.700000000000000000e+01 3.221069033404413418e-01 8.847930441083234898e-01
1.700000000000000000e+01 3.221754775958624029e-01 8.877819038130604357e-01
1.700000000000000000e+01 3.223049140753933561e-01 8.879630468254686715e-01
1.700000000000000000e+01 3.228993215754215607e-01 8.902273344805724520e-01
1.800000000000000000e+01 3.788859528070311344e-01 8.703921746218639122e-01
1.800000000000000000e+01 3.487937192610310322e-01 8.767321800561543865e-01
1.800000000000000000e+01 3.443629415847299091e-01 8.791776107236662918e-01
1.800000000000000000e+01 3.425173109112226721e-01 8.773661805995833785e-01
1.800000000000000000e+01 3.407700989369990552e-01 8.758264649941128743e-01
1.800000000000000000e+01 3.427736664935457367e-01 8.747396069196631263e-01
1.800000000000000000e+01 3.369378838548534039e-01 8.794493252422788121e-01
1.800000000000000000e+01 3.331272630237336885e-01 8.821664704284032377e-01
1.800000000000000000e+01 3.321666991569129923e-01 8.822570419346074111e-01
1.800000000000000000e+01 3.311022528020055589e-01 8.837061860338737418e-01
1.800000000000000000e+01 3.305255392840338313e-01 8.814418983787700723e-01
1.800000000000000000e+01 3.297134502022533442e-01 8.810796123539534896e-01
1.800000000000000000e+01 3.284989851538619998e-01 8.850647586269360101e-01
1.800000000000000000e+01 3.325992938466685311e-01 8.770944660809709692e-01
1.800000000000000000e+01 3.261341421610650104e-01 8.861516167013857581e-01
1.900000000000000000e+01 4.318092940513122979e-01 8.619690245448782262e-01
1.900000000000000000e+01 3.535258753120021358e-01 8.757358934879087009e-01
1.900000000000000000e+01 3.459445257388937822e-01 8.758264649941128743e-01
1.900000000000000000e+01 3.408296590277191673e-01 8.781813241554207172e-01
1.900000000000000000e+01 3.384533383328799383e-01 8.808078978353409694e-01
1.900000000000000000e+01 3.356766172981181517e-01 8.823476134408114735e-01
1.900000000000000000e+01 3.336960573761633686e-01 8.831627569966488123e-01
1.900000000000000000e+01 3.307579604288167219e-01 8.821664704284032377e-01
1.900000000000000000e+01 3.303516149951403191e-01 8.800833257857078040e-01
1.900000000000000000e+01 3.333881816481721883e-01 8.821664704284032377e-01
1.900000000000000000e+01 3.245851956973208607e-01 8.858799021827733489e-01
1.900000000000000000e+01 3.241880954500018786e-01 8.854270446517525928e-01
1.900000000000000000e+01 3.231689339171164854e-01 8.867856172448147500e-01
1.900000000000000000e+01 3.244896413492458498e-01 8.857893306765691754e-01
1.900000000000000000e+01 3.189509029587632161e-01 8.875101892944479154e-01
2.000000000000000000e+01 3.912253894290407263e-01 8.599764514083869660e-01
2.000000000000000000e+01 3.483520472742270835e-01 8.783624671678289531e-01
2.000000000000000000e+01 3.461972534490753151e-01 8.767321800561543865e-01
2.000000000000000000e+01 3.349384273243685706e-01 8.822570419346074111e-01
2.000000000000000000e+01 3.350222853347299967e-01 8.813513268725658989e-01
2.000000000000000000e+01 3.291468389781507242e-01 8.834344715152613325e-01
2.000000000000000000e+01 3.285993040935269449e-01 8.865139027262023408e-01
2.000000000000000000e+01 3.325965995401131692e-01 8.834344715152613325e-01
2.000000000000000000e+01 3.259511481795287491e-01 8.842496150710986713e-01
2.000000000000000000e+01 3.227613773246966744e-01 8.857893306765691754e-01
2.000000000000000000e+01 3.214193779211996782e-01 8.874196177882438530e-01
2.000000000000000000e+01 3.253810713265770649e-01 8.820758989221990642e-01
2.000000000000000000e+01 3.261682772078547954e-01 8.834344715152613325e-01
2.000000000000000000e+01 3.192100961398303127e-01 8.885970473688977744e-01
2.000000000000000000e+01 3.214663719977330358e-01 8.884159043564894276e-01
2.100000000000000000e+01 3.775661465794429295e-01 8.732904628203966846e-01
2.100000000000000000e+01 3.472969292669954577e-01 8.782718956616248906e-01
2.100000000000000000e+01 3.390431736249497896e-01 8.803550403043202133e-01
2.100000000000000000e+01 3.361825949485471865e-01 8.824381849470156469e-01
2.100000000000000000e+01 3.329189299853589912e-01 8.848836156145276632e-01
2.100000000000000000e+01 3.286738887452919089e-01 8.845213295897110806e-01
2.100000000000000000e+01 3.248395546242532905e-01 8.863327597137939939e-01
2.100000000000000000e+01 3.258473844764657734e-01 8.848836156145276632e-01
2.100000000000000000e+01 3.303365255073483220e-01 8.798116112670953948e-01
2.100000000000000000e+01 3.238861283415662151e-01 8.853364731455484193e-01
2.100000000000000000e+01 3.193097746087271704e-01 8.880536183316728449e-01
2.100000000000000000e+01 3.159758346867843071e-01 8.925821936418802949e-01
2.100000000000000000e+01 3.246091708190056990e-01 8.881441898378770183e-01
2.100000000000000000e+01 3.241789810398574834e-01 8.843401865773027337e-01
2.100000000000000000e+01 3.150646123461235959e-01 8.932161941853092868e-01
2.200000000000000000e+01 3.792191524613696130e-01 8.701204601032515029e-01
2.200000000000000000e+01 3.491741616818987981e-01 8.760076080065211102e-01
2.200000000000000000e+01 3.407767238427114043e-01 8.788153246988497092e-01
2.200000000000000000e+01 3.360439387160484292e-01 8.775473236119916143e-01
2.200000000000000000e+01 3.312119364250871723e-01 8.838873290462820886e-01
2.200000000000000000e+01 3.311082424508057787e-01 8.848836156145276632e-01
2.200000000000000000e+01 3.283008191506176510e-01 8.856987591703650020e-01
2.200000000000000000e+01 3.279916315986785569e-01 8.827098994656281672e-01
2.200000000000000000e+01 3.261455840573823650e-01 8.887781903813060103e-01
2.200000000000000000e+01 3.206287334250264021e-01 8.883253328502852542e-01
2.200000000000000000e+01 3.268244281150810004e-01 8.832533285028529857e-01
2.200000000000000000e+01 3.174144039087297142e-01 8.883253328502852542e-01
2.200000000000000000e+01 3.157904837180239288e-01 8.911330495426138532e-01
2.200000000000000000e+01 3.177043510262813064e-01 8.930350511729010510e-01
2.200000000000000000e+01 3.168600400573462483e-01 8.903179059867765144e-01
2.300000000000000000e+01 3.696764509035693758e-01 8.712978896839054244e-01
2.300000000000000000e+01 3.457834296244458039e-01 8.780907526492165438e-01
2.300000000000000000e+01 3.401731639725875112e-01 8.795398967484828745e-01
2.300000000000000000e+01 3.351728395942818461e-01 8.811701838601575520e-01
2.300000000000000000e+01 3.335281925289375615e-01 8.805361833167285601e-01
2.300000000000000000e+01 3.304250591654104841e-01 8.813513268725658989e-01
2.300000000000000000e+01 3.295822451238506479e-01 8.811701838601575520e-01
2.300000000000000000e+01 3.306679672115536150e-01 8.804456118105243867e-01
2.300000000000000000e+01 3.267898401276421172e-01 8.833439000090571591e-01
2.300000000000000000e+01 3.243347647107770459e-01 8.836156145276695684e-01
2.300000000000000000e+01 3.246444064414444330e-01 8.852459016393442459e-01
2.300000000000000000e+01 3.197385044436530377e-01 8.879630468254686715e-01
2.300000000000000000e+01 3.203274249040570787e-01 8.867856172448147500e-01
2.300000000000000000e+01 3.267214768327397767e-01 8.789058962050538826e-01
2.300000000000000000e+01 3.170964256165366701e-01 8.899556199619599317e-01
2.400000000000000000e+01 4.037685725688981431e-01 8.712073181777012509e-01
2.400000000000000000e+01 3.536356772846227514e-01 8.780001811430123704e-01
2.400000000000000000e+01 3.547331896668148854e-01 8.706638891404764324e-01
2.400000000000000000e+01 3.388419385178534360e-01 8.788153246988497092e-01
2.400000000000000000e+01 3.383004363484446997e-01 8.798116112670953948e-01
2.400000000000000000e+01 3.329811551111084289e-01 8.845213295897110806e-01
2.400000000000000000e+01 3.303483268808888873e-01 8.853364731455484193e-01
2.400000000000000000e+01 3.296268554599440237e-01 8.859704736889774113e-01
2.400000000000000000e+01 3.263347506555217548e-01 8.865139027262023408e-01
2.400000000000000000e+01 3.279622051278283656e-01 8.827098994656281672e-01
2.400000000000000000e+01 3.244622428346778387e-01 8.856081876641608286e-01
2.400000000000000000e+01 3.227034856960598330e-01 8.862421882075899315e-01
2.400000000000000000e+01 3.238319637031910059e-01 8.875101892944479154e-01
2.400000000000000000e+01 3.244953762600864544e-01 8.828910424780364030e-01
2.400000000000000000e+01 3.429325969529095075e-01 8.685807444977809988e-01
2.500000000000000000e+01 3.776461634465330119e-01 8.734716058328050314e-01
2.500000000000000000e+01 3.483541207733883427e-01 8.755547504755003541e-01
2.500000000000000000e+01 3.393923643337151685e-01 8.810796123539534896e-01
2.500000000000000000e+01 3.401526226069320757e-01 8.791776107236662918e-01
2.500000000000000000e+01 3.330484086845075242e-01 8.816230413911783081e-01
2.500000000000000000e+01 3.302128663746998205e-01 8.842496150710986713e-01
2.500000000000000000e+01 3.335192157218881404e-01 8.827098994656281672e-01
2.500000000000000000e+01 3.255514210477550852e-01 8.846119010959152540e-01
2.500000000000000000e+01 3.248051089178261575e-01 8.878724753192646091e-01
2.500000000000000000e+01 3.234969667244974589e-01 8.854270446517525928e-01
2.500000000000000000e+01 3.240292184354931493e-01 8.841590435648944979e-01
2.500000000000000000e+01 3.216132245034236670e-01 8.883253328502852542e-01
2.500000000000000000e+01 3.212453593944642471e-01 8.849741871207318367e-01
2.500000000000000000e+01 3.191205483402280718e-01 8.872384747758355061e-01
2.500000000000000000e+01 3.165426413241926862e-01 8.909519065302056173e-01
2.600000000000000000e+01 3.933400784342648837e-01 8.708450321528846683e-01
2.600000000000000000e+01 3.534792515696121851e-01 8.751924644506837714e-01
2.600000000000000000e+01 3.430434058180549250e-01 8.794493252422788121e-01
2.600000000000000000e+01 3.385454076894785502e-01 8.799927542795036306e-01
2.600000000000000000e+01 3.338814950726937125e-01 8.801738972919119774e-01
2.600000000000000000e+01 3.330653279951604206e-01 8.795398967484828745e-01
2.600000000000000000e+01 3.287938698789175662e-01 8.828910424780364030e-01
2.600000000000000000e+01 3.313923939566927324e-01 8.834344715152613325e-01
2.600000000000000000e+01 3.346613460183408550e-01 8.730187483017842753e-01
2.600000000000000000e+01 3.258017507559317627e-01 8.844307580835069071e-01
2.600000000000000000e+01 3.242066797983393922e-01 8.837967575400779152e-01
2.600000000000000000e+01 3.300932580294841934e-01 8.812607553663617255e-01
2.600000000000000000e+01 3.224122932662682461e-01 8.863327597137939939e-01
2.600000000000000000e+01 3.206438793486857675e-01 8.857893306765691754e-01
2.600000000000000000e+01 3.238135141558407537e-01 8.812607553663617255e-01
2.700000000000000000e+01 3.755573391032348551e-01 8.737433203514174407e-01
2.700000000000000000e+01 3.471826521289043677e-01 8.779096096368083080e-01
2.700000000000000000e+01 3.375214402574287509e-01 8.795398967484828745e-01
2.700000000000000000e+01 3.323259878958856328e-01 8.818947559097908284e-01
2.700000000000000000e+01 3.286547967168003126e-01 8.840684720586903245e-01
2.700000000000000000e+01 3.299989089424212318e-01 8.846119010959152540e-01
2.700000000000000000e+01 3.247925801991845551e-01 8.875101892944479154e-01
2.700000000000000000e+01 3.216292175239051088e-01 8.831627569966488123e-01
2.700000000000000000e+01 3.181345642180732902e-01 8.882347613440811918e-01
2.700000000000000000e+01 3.161058982526506189e-01 8.885064758626936010e-01
2.700000000000000000e+01 3.164906754378285503e-01 8.876007608006520888e-01
2.700000000000000000e+01 3.180454343566594400e-01 8.852459016393442459e-01
2.700000000000000000e+01 3.163417382280454548e-01 8.911330495426138532e-01
2.700000000000000000e+01 3.155146823339256557e-01 8.876913323068562622e-01
2.700000000000000000e+01 3.151121604654079644e-01 8.878724753192646091e-01
2.800000000000000000e+01 3.785127189016961324e-01 8.704827461280680856e-01
2.800000000000000000e+01 3.492832225539902469e-01 8.754641789692962917e-01
2.800000000000000000e+01 3.456112072014944081e-01 8.771850375871750316e-01
2.800000000000000000e+01 3.399827524793120337e-01 8.791776107236662918e-01
2.800000000000000000e+01 3.440165532926297565e-01 8.705733176342722590e-01
2.800000000000000000e+01 3.395730761539357268e-01 8.716601757087220070e-01
2.800000000000000000e+01 3.355463012255103794e-01 8.804456118105243867e-01
2.800000000000000000e+01 3.332596163505027742e-01 8.800833257857078040e-01
2.800000000000000000e+01 3.329479318250281317e-01 8.812607553663617255e-01
2.800000000000000000e+01 3.313675605728008677e-01 8.818947559097908284e-01
2.800000000000000000e+01 3.337735270185792080e-01 8.767321800561543865e-01
2.800000000000000000e+01 3.314180868736756325e-01 8.814418983787700723e-01
2.800000000000000000e+01 3.315083766843239244e-01 8.783624671678289531e-01
2.800000000000000000e+01 3.298738227722400329e-01 8.847024726021194274e-01
2.800000000000000000e+01 3.355187650808814093e-01 8.789058962050538826e-01
2.900000000000000000e+01 3.844889956728058111e-01 8.722941762521511100e-01
2.900000000000000000e+01 3.543186003715145804e-01 8.730187483017842753e-01
2.900000000000000000e+01 3.423305483000650962e-01 8.774567521057875519e-01
2.900000000000000000e+01 3.369504848388674700e-01 8.804456118105243867e-01
2.900000000000000000e+01 3.411741767451006990e-01 8.741961778824381968e-01
2.900000000000000000e+01 3.288388133033026683e-01 8.853364731455484193e-01
2.900000000000000000e+01 3.294489173486296885e-01 8.814418983787700723e-01
2.900000000000000000e+01 3.238575293074617001e-01 8.890499048999185305e-01
2.900000000000000000e+01 3.229104079727334042e-01 8.874196177882438530e-01
2.900000000000000000e+01 3.200713941868743029e-01 8.883253328502852542e-01
2.900000000000000000e+01 3.277233303857003399e-01 8.804456118105243867e-01
2.900000000000000000e+01 3.172779621546105155e-01 8.924916221356761215e-01
2.900000000000000000e+01 3.158302392211941867e-01 8.911330495426138532e-01
2.900000000000000000e+01 3.144171917945233763e-01 8.914953355674304358e-01
2.900000000000000000e+01 3.245631082472748008e-01 8.828004709718322296e-01
3.000000000000000000e+01 3.822893640355420342e-01 8.746490354134589529e-01
3.000000000000000000e+01 3.504669478064179056e-01 8.755547504755003541e-01
3.000000000000000000e+01 3.417073491536983254e-01 8.778190381306041346e-01
3.000000000000000000e+01 3.375809877315157914e-01 8.811701838601575520e-01
3.000000000000000000e+01 3.324842760685219334e-01 8.829816139842405764e-01
3.000000000000000000e+01 3.334947206802449937e-01 8.807173263291369070e-01
3.000000000000000000e+01 3.297029378602914784e-01 8.841590435648944979e-01
3.000000000000000000e+01 3.262603667749535141e-01 8.818041844035866550e-01
3.000000000000000000e+01 3.267915055375847921e-01 8.832533285028529857e-01
3.000000000000000000e+01 3.220147983806611602e-01 8.857893306765691754e-01
3.000000000000000000e+01 3.193642054501760752e-01 8.878724753192646091e-01
3.000000000000000000e+01 3.205569692698872486e-01 8.850647586269360101e-01
3.000000000000000000e+01 3.214428791418049158e-01 8.854270446517525928e-01
3.000000000000000000e+01 3.164488351561389745e-01 8.887781903813060103e-01
3.000000000000000000e+01 3.143205604583297896e-01 8.907707635177972705e-01
3.100000000000000000e+01 3.777414042795425031e-01 8.718413187211303539e-01
3.100000000000000000e+01 3.466190504421647889e-01 8.780907526492165438e-01
3.100000000000000000e+01 3.498208535951636278e-01 8.697581740784349202e-01
3.100000000000000000e+01 3.387652656110505256e-01 8.779096096368083080e-01
3.100000000000000000e+01 3.376676724933091456e-01 8.807173263291369070e-01
3.100000000000000000e+01 3.323805540546703186e-01 8.842496150710986713e-01
3.100000000000000000e+01 3.288226365512436633e-01 8.849741871207318367e-01
3.100000000000000000e+01 3.257661266231784980e-01 8.850647586269360101e-01
3.100000000000000000e+01 3.262725042011536680e-01 8.866950457386106876e-01
3.100000000000000000e+01 3.249451925620583936e-01 8.841590435648944979e-01
3.100000000000000000e+01 3.284924387094563247e-01 8.841590435648944979e-01
3.100000000000000000e+01 3.339845328841496430e-01 8.762793225251336304e-01
3.100000000000000000e+01 3.198954294769874585e-01 8.884159043564894276e-01
3.100000000000000000e+01 3.192773318335846988e-01 8.883253328502852542e-01
3.100000000000000000e+01 3.187554322115258576e-01 8.899556199619599317e-01
3.200000000000000000e+01 3.764039960587313716e-01 8.738338918576216141e-01
3.200000000000000000e+01 3.504937443486281778e-01 8.760076080065211102e-01
3.200000000000000000e+01 3.403907756066981705e-01 8.789964677112580560e-01
3.200000000000000000e+01 3.370775371430300704e-01 8.776378951181957877e-01
3.200000000000000000e+01 3.324287294510716029e-01 8.818041844035866550e-01
3.200000000000000000e+01 3.321838638147914802e-01 8.805361833167285601e-01
3.200000000000000000e+01 3.283816810676903897e-01 8.808078978353409694e-01
3.200000000000000000e+01 3.275480023066657531e-01 8.849741871207318367e-01
3.200000000000000000e+01 3.254645754447511585e-01 8.838873290462820886e-01
3.200000000000000000e+01 3.227265802945841755e-01 8.857893306765691754e-01
3.200000000000000000e+01 3.249262760778975356e-01 8.823476134408114735e-01
3.200000000000000000e+01 3.199239661702495408e-01 8.911330495426138532e-01
3.200000000000000000e+01 3.291095941497155786e-01 8.873290462820396796e-01
3.200000000000000000e+01 3.157615930307677843e-01 8.913141925550222000e-01
3.200000000000000000e+01 3.158556963823335728e-01 8.895027624309391756e-01
3.300000000000000000e+01 3.759441296886320560e-01 8.747396069196631263e-01
3.300000000000000000e+01 3.453905932975484538e-01 8.781813241554207172e-01
3.300000000000000000e+01 3.390684626466284879e-01 8.812607553663617255e-01
3.300000000000000000e+01 3.382641765864790595e-01 8.787247531926456467e-01
3.300000000000000000e+01 3.334351953590837248e-01 8.806267548229327335e-01
3.300000000000000000e+01 3.320560706644820614e-01 8.804456118105243867e-01
3.300000000000000000e+01 3.301902948210010402e-01 8.826193279594239938e-01
3.300000000000000000e+01 3.274879446354507229e-01 8.824381849470156469e-01
3.300000000000000000e+01 3.248500345688253854e-01 8.852459016393442459e-01
3.300000000000000000e+01 3.234621105384521966e-01 8.855176161579566552e-01
3.300000000000000000e+01 3.216898682069828097e-01 8.864233312199981674e-01
3.300000000000000000e+01 3.215411404404562301e-01 8.872384747758355061e-01
3.300000000000000000e+01 3.246982965629168771e-01 8.846119010959152540e-01
3.300000000000000000e+01 3.205829368743944308e-01 8.881441898378770183e-01
3.300000000000000000e+01 3.168684534944534725e-01 8.894121909247351132e-01
3.400000000000000000e+01 3.774434181237126817e-01 8.687618875101893456e-01
3.400000000000000000e+01 3.574349718358716399e-01 8.681278869667602427e-01
3.400000000000000000e+01 3.417074995038808516e-01 8.787247531926456467e-01
3.400000000000000000e+01 3.430071899143096736e-01 8.797210397608912213e-01
3.400000000000000000e+01 3.359485068735109659e-01 8.810796123539534896e-01
3.400000000000000000e+01 3.337145820409349595e-01 8.820758989221990642e-01
3.400000000000000000e+01 3.376934602565413446e-01 8.766416085499502131e-01
3.400000000000000000e+01 3.333035787389641569e-01 8.820758989221990642e-01
3.400000000000000000e+01 3.336881774522219013e-01 8.747396069196631263e-01
3.400000000000000000e+01 3.268186909828070252e-01 8.837967575400779152e-01
3.400000000000000000e+01 3.262426938146351652e-01 8.834344715152613325e-01
3.400000000000000000e+01 3.389942594543277066e-01 8.726564622769676927e-01
3.400000000000000000e+01 3.366901297798473580e-01 8.715696042025178336e-01
3.400000000000000000e+01 3.257146650453881520e-01 8.835250430214653949e-01
3.400000000000000000e+01 3.221521850870839310e-01 8.875101892944479154e-01
3.500000000000000000e+01 4.051565930783612157e-01 8.667693143736980854e-01
3.500000000000000000e+01 3.493425711152553514e-01 8.758264649941128743e-01
3.500000000000000000e+01 3.494396445537271689e-01 8.699393170908432671e-01
3.500000000000000000e+01 3.402526401518626842e-01 8.781813241554207172e-01
3.500000000000000000e+01 3.465149413353796892e-01 8.689430305225975815e-01
3.500000000000000000e+01 3.405065538214306908e-01 8.763698940313376928e-01
3.500000000000000000e+01 3.350280302573515612e-01 8.803550403043202133e-01
3.500000000000000000e+01 3.329899545246148840e-01 8.791776107236662918e-01
3.500000000000000000e+01 3.320039425896524898e-01 8.793587537360746387e-01
3.500000000000000000e+01 3.369973759465204610e-01 8.731998913141925112e-01
3.500000000000000000e+01 3.346752725883973545e-01 8.743773208948464326e-01
3.500000000000000000e+01 3.309912026893602754e-01 8.783624671678289531e-01
3.500000000000000000e+01 3.323938915767262192e-01 8.761887510189294570e-01
3.500000000000000000e+01 3.361578327844672032e-01 8.739244633638257875e-01
3.500000000000000000e+01 3.461134186701711468e-01 8.677656009419436600e-01
3.600000000000000000e+01 3.745177595682318006e-01 8.718413187211303539e-01
3.600000000000000000e+01 3.468480076389983680e-01 8.756453219817045275e-01
3.600000000000000000e+01 3.422371102978205570e-01 8.779096096368083080e-01
3.600000000000000000e+01 3.385073611234505342e-01 8.796304682546870479e-01
3.600000000000000000e+01 3.414342898655992609e-01 8.762793225251336304e-01
3.600000000000000000e+01 3.356765378785965814e-01 8.781813241554207172e-01
3.600000000000000000e+01 3.346895445667520397e-01 8.789964677112580560e-01
3.600000000000000000e+01 3.327979928677309851e-01 8.814418983787700723e-01
3.600000000000000000e+01 3.323230528648979387e-01 8.830721854904447499e-01
3.600000000000000000e+01 3.359429575574782167e-01 8.749207499320713621e-01
3.600000000000000000e+01 3.322242156426843951e-01 8.833439000090571591e-01
3.600000000000000000e+01 3.310106795887510223e-01 8.770038945747667958e-01
3.600000000000000000e+01 3.304212070189037065e-01 8.792681822298704652e-01
3.600000000000000000e+01 3.299888818183239758e-01 8.792681822298704652e-01
3.600000000000000000e+01 3.297673949212781008e-01 8.814418983787700723e-01
3.700000000000000000e+01 3.862458388844712265e-01 8.709356036590888417e-01
3.700000000000000000e+01 3.505665620783617875e-01 8.757358934879087009e-01
3.700000000000000000e+01 3.386977721744932612e-01 8.797210397608912213e-01
3.700000000000000000e+01 3.343754730068378977e-01 8.835250430214653949e-01
3.700000000000000000e+01 3.326177880179221891e-01 8.837967575400779152e-01
3.700000000000000000e+01 3.297666572695830967e-01 8.872384747758355061e-01
3.700000000000000000e+01 3.225314136229904260e-01 8.866044742324065142e-01
3.700000000000000000e+01 3.259622485355975208e-01 8.832533285028529857e-01
3.700000000000000000e+01 3.195735131181997590e-01 8.896839054433475225e-01
3.700000000000000000e+01 3.267833618378148119e-01 8.830721854904447499e-01
3.700000000000000000e+01 3.193810099978961481e-01 8.864233312199981674e-01
3.700000000000000000e+01 3.198050824023793703e-01 8.865139027262023408e-01
3.700000000000000000e+01 3.163033092858392736e-01 8.901367629743682786e-01
3.700000000000000000e+01 3.202333423245073973e-01 8.880536183316728449e-01
3.700000000000000000e+01 3.151000768905821148e-01 8.912236210488180266e-01
3.800000000000000000e+01 3.809390087704464523e-01 8.683090299791685895e-01
3.800000000000000000e+01 3.486885143915972041e-01 8.778190381306041346e-01
3.800000000000000000e+01 3.426726123296524595e-01 8.781813241554207172e-01
3.800000000000000000e+01 3.387282044561526484e-01 8.807173263291369070e-01
3.800000000000000000e+01 3.351769727556401790e-01 8.825287564532198203e-01
3.800000000000000000e+01 3.366575055690007590e-01 8.744678924010506060e-01
3.800000000000000000e+01 3.424461097451980685e-01 8.704827461280680856e-01
3.800000000000000000e+01 3.294287429274848633e-01 8.854270446517525928e-01
3.800000000000000000e+01 3.375544500340076914e-01 8.821664704284032377e-01
3.800000000000000000e+01 3.253011568279311483e-01 8.873290462820396796e-01
3.800000000000000000e+01 3.262826043200880433e-01 8.833439000090571591e-01
3.800000000000000000e+01 3.264257661627832929e-01 8.806267548229327335e-01
3.800000000000000000e+01 3.217642848287355362e-01 8.878724753192646091e-01
3.800000000000000000e+01 3.209474864778165681e-01 8.874196177882438530e-01
3.800000000000000000e+01 3.221931319198337862e-01 8.856987591703650020e-01
3.900000000000000000e+01 3.939059294597049843e-01 8.707544606466806059e-01
3.900000000000000000e+01 3.500822479134418352e-01 8.760076080065211102e-01
3.900000000000000000e+01 3.428514287861664789e-01 8.766416085499502131e-01
3.900000000000000000e+01 3.424204748472507998e-01 8.770944660809709692e-01
3.900000000000000000e+01 3.363805465068317457e-01 8.806267548229327335e-01
3.900000000000000000e+01 3.335869628861401481e-01 8.818041844035866550e-01
3.900000000000000000e+01 3.295019565907785219e-01 8.824381849470156469e-01
3.900000000000000000e+01 3.288966200547103202e-01 8.843401865773027337e-01
3.900000000000000000e+01 3.259646951209763666e-01 8.841590435648944979e-01
3.900000000000000000e+01 3.252821160602552553e-01 8.838873290462820886e-01
3.900000000000000000e+01 3.247448319231814318e-01 8.851553301331400725e-01
3.900000000000000000e+01 3.247080266219259936e-01 8.851553301331400725e-01
3.900000000000000000e+01 3.275538046104690681e-01 8.812607553663617255e-01
3.900000000000000000e+01 3.259701679429721222e-01 8.834344715152613325e-01
3.900000000000000000e+01 3.207472190187079519e-01 8.878724753192646091e-01
4.000000000000000000e+01 3.933033835547821155e-01 8.693958880536183376e-01
4.000000000000000000e+01 3.520238645917659892e-01 8.749207499320713621e-01
4.000000000000000000e+01 3.449958847616262370e-01 8.769133230685626224e-01
4.000000000000000000e+01 3.412433510860307662e-01 8.778190381306041346e-01
4.000000000000000000e+01 3.420702011391461017e-01 8.777284666243999611e-01
4.000000000000000000e+01 3.394044519810304750e-01 8.794493252422788121e-01
4.000000000000000000e+01 3.360668045125571601e-01 8.800833257857078040e-01
4.000000000000000000e+01 3.309709559776851662e-01 8.817136128973824816e-01
4.000000000000000000e+01 3.285333304910390551e-01 8.827098994656281672e-01
4.000000000000000000e+01 3.350971138929794146e-01 8.761887510189294570e-01
4.000000000000000000e+01 3.268423859107421614e-01 8.813513268725658989e-01
4.000000000000000000e+01 3.259428420585879782e-01 8.853364731455484193e-01
4.000000000000000000e+01 3.230886589285574262e-01 8.845213295897110806e-01
4.000000000000000000e+01 3.245801673198198678e-01 8.849741871207318367e-01
4.000000000000000000e+01 3.212313526706978561e-01 8.880536183316728449e-01
4.100000000000000000e+01 3.804835860573849149e-01 8.727470337831718661e-01
4.100000000000000000e+01 3.488692662928296606e-01 8.751018929444797090e-01
4.100000000000000000e+01 3.408576666280259126e-01 8.818041844035866550e-01
4.100000000000000000e+01 3.344610676306424280e-01 8.809890408477493162e-01
4.100000000000000000e+01 3.319507809876408033e-01 8.832533285028529857e-01
4.100000000000000000e+01 3.318072385765156729e-01 8.784530386740331265e-01
4.100000000000000000e+01 3.234139004364672276e-01 8.868761887510189235e-01
4.100000000000000000e+01 3.203046559796730586e-01 8.882347613440811918e-01
4.100000000000000000e+01 3.179297348951998226e-01 8.876007608006520888e-01
4.100000000000000000e+01 3.177426527043247240e-01 8.876913323068562622e-01
4.100000000000000000e+01 3.149700736197428852e-01 8.889593333937143571e-01
4.100000000000000000e+01 3.152417968134187953e-01 8.876007608006520888e-01
4.100000000000000000e+01 3.116632268807746353e-01 8.924916221356761215e-01
4.100000000000000000e+01 3.120504355763155657e-01 8.924916221356761215e-01
4.100000000000000000e+01 3.073100621406067989e-01 8.938501947287383897e-01
4.200000000000000000e+01 4.077865250578870393e-01 8.697581740784349202e-01
4.200000000000000000e+01 3.558641055781433526e-01 8.746490354134589529e-01
4.200000000000000000e+01 3.455650551421248218e-01 8.779096096368083080e-01
4.200000000000000000e+01 3.425884008430873928e-01 8.779096096368083080e-01
4.200000000000000000e+01 3.407781015370363598e-01 8.777284666243999611e-01
4.200000000000000000e+01 3.406075391491055204e-01 8.772756090933792050e-01
4.200000000000000000e+01 3.408150648521157122e-01 8.727470337831718661e-01
4.200000000000000000e+01 3.545211567699918520e-01 8.588895933339371069e-01
4.200000000000000000e+01 3.442898920859769341e-01 8.675844579295353132e-01
4.200000000000000000e+01 3.363900312077287569e-01 8.792681822298704652e-01
4.200000000000000000e+01 3.376012122192834086e-01 8.758264649941128743e-01
4.200000000000000000e+01 3.363647481008888995e-01 8.809890408477493162e-01
4.200000000000000000e+01 3.433688795173099884e-01 8.692147450412099907e-01
4.200000000000000000e+01 3.329057162780569845e-01 8.762793225251336304e-01
4.200000000000000000e+01 3.356867576605355730e-01 8.741961778824381968e-01
4.300000000000000000e+01 3.722790551179699370e-01 8.713884611901095978e-01
4.300000000000000000e+01 3.455084034961420913e-01 8.777284666243999611e-01
4.300000000000000000e+01 3.353532665897668297e-01 8.815324698849741347e-01
4.300000000000000000e+01 3.329947597022911432e-01 8.807173263291369070e-01
4.300000000000000000e+01 3.298429958682481677e-01 8.787247531926456467e-01
4.300000000000000000e+01 3.346344987949506078e-01 8.761887510189294570e-01
4.300000000000000000e+01 3.194679365612376754e-01 8.886876188751019479e-01
4.300000000000000000e+01 3.182005040864486212e-01 8.904990489991848612e-01
4.300000000000000000e+01 3.176566819521997598e-01 8.900461914681641051e-01
4.300000000000000000e+01 3.161076142180265780e-01 8.904084774929806878e-01
4.300000000000000000e+01 3.188086919379480855e-01 8.885064758626936010e-01
4.300000000000000000e+01 3.156397226936259459e-01 8.913141925550222000e-01
4.300000000000000000e+01 3.166724601812751505e-01 8.907707635177972705e-01
4.300000000000000000e+01 3.162593402037024992e-01 8.902273344805724520e-01
4.300000000000000000e+01 3.112506176956365000e-01 8.936690517163300429e-01
4.400000000000000000e+01 3.829813032151996310e-01 8.726564622769676927e-01
4.400000000000000000e+01 3.485284457487629606e-01 8.760981795127252836e-01
4.400000000000000000e+01 3.418011196693119813e-01 8.786341816864414733e-01
4.400000000000000000e+01 3.336495383377413582e-01 8.813513268725658989e-01
4.400000000000000000e+01 3.404846785080106741e-01 8.733810343266008580e-01
4.400000000000000000e+01 3.285500789243387398e-01 8.837967575400779152e-01
4.400000000000000000e+01 3.256388384722496143e-01 8.835250430214653949e-01
4.400000000000000000e+01 3.254451024497970191e-01 8.830721854904447499e-01
4.400000000000000000e+01 3.235006700989921380e-01 8.837061860338737418e-01
4.400000000000000000e+01 3.201785275944722953e-01 8.862421882075899315e-01
4.400000000000000000e+01 3.255016265752206372e-01 8.824381849470156469e-01
4.400000000000000000e+01 3.187011222205038408e-01 8.866950457386106876e-01
4.400000000000000000e+01 3.212776609068073164e-01 8.852459016393442459e-01
4.400000000000000000e+01 3.228446421046780590e-01 8.853364731455484193e-01
4.400000000000000000e+01 3.157562373711747528e-01 8.882347613440811918e-01
4.500000000000000000e+01 3.908831633295239416e-01 8.700298885970473295e-01
4.500000000000000000e+01 3.502252219501392205e-01 8.742867493886423702e-01
4.500000000000000000e+01 3.459338796050548948e-01 8.769133230685626224e-01
4.500000000000000000e+01 3.511683186469772289e-01 8.660447423240648090e-01
4.500000000000000000e+01 3.399421294468754629e-01 8.772756090933792050e-01
4.500000000000000000e+01 3.392177215028424619e-01 8.774567521057875519e-01
4.500000000000000000e+01 3.393157616207858052e-01 8.781813241554207172e-01
4.500000000000000000e+01 3.356812031266481200e-01 8.803550403043202133e-01
4.500000000000000000e+01 3.358276348149245583e-01 8.767321800561543865e-01
4.500000000000000000e+01 3.341813592886809237e-01 8.815324698849741347e-01
4.500000000000000000e+01 3.353338071026540357e-01 8.801738972919119774e-01
4.500000000000000000e+01 3.344546677277635549e-01 8.760981795127252836e-01
4.500000000000000000e+01 3.290801856604393949e-01 8.832533285028529857e-01
4.500000000000000000e+01 3.287418215916131925e-01 8.837967575400779152e-01
4.500000000000000000e+01 3.316228817288623953e-01 8.811701838601575520e-01
4.600000000000000000e+01 3.740915058481781852e-01 8.703921746218639122e-01
4.600000000000000000e+01 3.496104126544590796e-01 8.747396069196631263e-01
4.600000000000000000e+01 3.435104257249934068e-01 8.797210397608912213e-01
4.600000000000000000e+01 3.388913848973463261e-01 8.796304682546870479e-01
4.600000000000000000e+01 3.440172775249679127e-01 8.717507472149261805e-01
4.600000000000000000e+01 3.338589891856083569e-01 8.814418983787700723e-01
4.600000000000000000e+01 3.318558764894827817e-01 8.828004709718322296e-01
4.600000000000000000e+01 3.313076847247734547e-01 8.828910424780364030e-01
4.600000000000000000e+01 3.371038197815533488e-01 8.768227515623584489e-01
4.600000000000000000e+01 3.307271381484695461e-01 8.815324698849741347e-01
4.600000000000000000e+01 3.345609691391255858e-01 8.770038945747667958e-01
4.600000000000000000e+01 3.326532028522329876e-01 8.766416085499502131e-01
4.600000000000000000e+01 3.251940959123549302e-01 8.856987591703650020e-01
4.600000000000000000e+01 3.235502234439479041e-01 8.851553301331400725e-01
4.600000000000000000e+01 3.209587958656749396e-01 8.862421882075899315e-01
4.700000000000000000e+01 4.082463733426062169e-01 8.699393170908432671e-01
4.700000000000000000e+01 3.493297409906290785e-01 8.760076080065211102e-01
4.700000000000000000e+01 3.423786153530777865e-01 8.785436101802372999e-01
4.700000000000000000e+01 3.377953240362045473e-01 8.812607553663617255e-01
4.700000000000000000e+01 3.331953439258719674e-01 8.818947559097908284e-01
4.700000000000000000e+01 3.328953171034389480e-01 8.796304682546870479e-01
4.700000000000000000e+01 3.291599372250612610e-01 8.808078978353409694e-01
4.700000000000000000e+01 3.293405602796111720e-01 8.812607553663617255e-01
4.700000000000000000e+01 3.284797376971717586e-01 8.822570419346074111e-01
4.700000000000000000e+01 3.354928996069634906e-01 8.760981795127252836e-01
4.700000000000000000e+01 3.276782217904479211e-01 8.809890408477493162e-01
4.700000000000000000e+01 3.220764539868377074e-01 8.847024726021194274e-01
4.700000000000000000e+01 3.291704259124071941e-01 8.831627569966488123e-01
4.700000000000000000e+01 3.231560200160031870e-01 8.851553301331400725e-01
4.700000000000000000e+01 3.264236504057563826e-01 8.796304682546870479e-01
4.800000000000000000e+01 3.826407243286538695e-01 8.636898831627569662e-01
4.800000000000000000e+01 3.497339714613406092e-01 8.752830359568879448e-01
4.800000000000000000e+01 3.437489626879438598e-01 8.765510370437460397e-01
4.800000000000000000e+01 3.412342941905434635e-01 8.762793225251336304e-01
4.800000000000000000e+01 3.439001213663782641e-01 8.733810343266008580e-01
4.800000000000000000e+01 3.348086333640723500e-01 8.803550403043202133e-01
4.800000000000000000e+01 3.345648176509353200e-01 8.790870392174622294e-01
4.800000000000000000e+01 3.354696762470040783e-01 8.752830359568879448e-01
4.800000000000000000e+01 3.332580547923955083e-01 8.793587537360746387e-01
4.800000000000000000e+01 3.332706549010013286e-01 8.818947559097908284e-01
4.800000000000000000e+01 3.296136546946391022e-01 8.787247531926456467e-01
4.800000000000000000e+01 3.372453604617653422e-01 8.753736074630921182e-01
4.800000000000000000e+01 3.365655926164344836e-01 8.762793225251336304e-01
4.800000000000000000e+01 3.345665441322281941e-01 8.759170365003170478e-01
4.800000000000000000e+01 3.341688191248664008e-01 8.777284666243999611e-01
4.900000000000000000e+01 3.778516227729836752e-01 8.750113214382755356e-01
4.900000000000000000e+01 3.468738091728209016e-01 8.800833257857078040e-01
4.900000000000000000e+01 3.407892042276852163e-01 8.811701838601575520e-01
4.900000000000000000e+01 3.368308945873721982e-01 8.789058962050538826e-01
4.900000000000000000e+01 3.298599606622967251e-01 8.834344715152613325e-01
4.900000000000000000e+01 3.268647092183146197e-01 8.839779005524861510e-01
4.900000000000000000e+01 3.271510900275573785e-01 8.881441898378770183e-01
4.900000000000000000e+01 3.204133502014342438e-01 8.889593333937143571e-01
4.900000000000000000e+01 3.187189825867049464e-01 8.909519065302056173e-01
4.900000000000000000e+01 3.173230180111889509e-01 8.895933339371433490e-01
4.900000000000000000e+01 3.160398137822192366e-01 8.905896205053890347e-01
4.900000000000000000e+01 3.134334563883167113e-01 8.938501947287383897e-01
4.900000000000000000e+01 3.120354447376241791e-01 8.942124807535549724e-01
4.900000000000000000e+01 3.125467255462971994e-01 8.941219092473507990e-01
4.900000000000000000e+01 3.090029548978929230e-01 8.944841952721673817e-01
