0.000000000000000000e+00 4.135216301586580046e-01 8.763698940313376928e-01
0.000000000000000000e+00 3.691851189934454713e-01 8.812607553663617255e-01
0.000000000000000000e+00 3.627211860573683055e-01 8.850647586269360101e-01
0.000000000000000000e+00 3.576697598071349460e-01 8.863327597137939939e-01
0.000000000000000000e+00 3.603806322344112467e-01 8.893216194185309398e-01
0.000000000000000000e+00 3.529160800473031268e-01 8.886876188751019479e-01
0.000000000000000000e+00 3.513035105075771325e-01 8.893216194185309398e-01
0.000000000000000000e+00 3.505583663404078787e-01 8.910424780364097908e-01
0.000000000000000000e+00 3.488962953310198456e-01 8.873290462820396796e-01
0.000000000000000000e+00 3.469906851239590306e-01 8.886876188751019479e-01
0.000000000000000000e+00 3.453023383592921380e-01 8.897744769495516959e-01
0.000000000000000000e+00 3.454657568502705334e-01 8.903179059867765144e-01
0.000000000000000000e+00 3.446080121190198131e-01 8.921293361108595388e-01
0.000000000000000000e+00 3.438347617543402457e-01 8.907707635177972705e-01
0.000000000000000000e+00 3.474357638589675723e-01 8.935784802101258695e-01
1.000000000000000000e+00 3.211003113584103841e-01 8.981976270265374929e-01
1.000000000000000000e+00 2.689259110783139284e-01 9.125984965129969595e-01
1.000000000000000000e+00 2.526212190095029619e-01 9.175799293542251656e-01
1.000000000000000000e+00 2.444025479930837519e-01 9.212933611085952768e-01
1.000000000000000000e+00 2.416446029628468162e-01 9.202065030341454177e-01
1.000000000000000000e+00 2.394242677908101358e-01 9.215650756272076860e-01
1.000000000000000000e+00 2.328989574129717577e-01 9.231953627388823636e-01
1.000000000000000000e+00 2.323598928350812942e-01 9.220179331582284421e-01
1.000000000000000000e+00 2.272920365102271689e-01 9.235576487636989462e-01
1.000000000000000000e+00 2.364261754490594725e-01 9.188479304410832604e-01
1.000000000000000000e+00 2.263878612355520181e-01 9.234670772574947728e-01
1.000000000000000000e+00 2.273208103938002544e-01 9.226519337016574340e-01
1.000000000000000000e+00 2.302424582338100656e-01 9.200253600217371819e-01
1.000000000000000000e+00 2.259990514710865372e-01 9.235576487636989462e-01
1.000000000000000000e+00 2.311900608134156432e-01 9.202065030341454177e-01
2.000000000000000000e+00 3.042070638389628989e-01 9.093379222896477154e-01
2.000000000000000000e+00 2.392019506815970808e-01 9.205687890589620004e-01
2.000000000000000000e+00 2.293459099078308527e-01 9.217462186396159218e-01
2.000000000000000000e+00 2.227106501276713002e-01 9.232859342450865370e-01
2.000000000000000000e+00 2.097658481770167116e-01 9.295353681731727269e-01
2.000000000000000000e+00 2.075257255944591150e-01 9.312562267910515779e-01
2.000000000000000000e+00 2.018604261444892911e-01 9.301693687166017188e-01
2.000000000000000000e+00 1.980691510525043331e-01 9.327959423965220820e-01
2.000000000000000000e+00 1.991214640048593332e-01 9.356036590888506810e-01
2.000000000000000000e+00 1.948973434677512551e-01 9.365999456570962556e-01
2.000000000000000000e+00 1.982321080691867854e-01 9.333393714337469005e-01
2.000000000000000000e+00 1.915559075271624778e-01 9.367810886695046024e-01
2.000000000000000000e+00 1.922606646658524265e-01 9.371433746943211851e-01
2.000000000000000000e+00 1.957435990296703399e-01 9.354225160764423341e-01
2.000000000000000000e+00 1.913991099604927526e-01 9.363282311384838463e-01
3.000000000000000000e+00 2.799311566816654051e-01 9.154967847115297319e-01
3.000000000000000000e+00 2.411734018001361335e-01 9.211122180961869299e-01
3.000000000000000000e+00 2.196663045266802339e-01 9.296259396793769003e-01
3.000000000000000000e+00 2.133647927803991318e-01 9.279050810614980493e-01
3.000000000000000000e+00 2.086111161547399562e-01 9.280862240739063962e-01
3.000000000000000000e+00 1.999518756611288750e-01 9.328865139027262554e-01
3.000000000000000000e+00 1.956321801504318225e-01 9.369622316819128383e-01
3.000000000000000000e+00 1.919952020976951335e-01 9.377773752377501770e-01
3.000000000000000000e+00 1.917758931083719809e-01 9.378679467439543505e-01
3.000000000000000000e+00 1.869372493000401314e-01 9.394076623494248546e-01
3.000000000000000000e+00 1.909066505640817368e-01 9.380490897563626973e-01
3.000000000000000000e+00 1.844612419080861321e-01 9.405850919300787760e-01
3.000000000000000000e+00 1.976569308629565203e-01 9.363282311384838463e-01
3.000000000000000000e+00 1.833623412242610384e-01 9.406756634362829494e-01
3.000000000000000000e+00 1.835916091618141899e-01 9.399510913866497841e-01
4.000000000000000000e+00 2.951176017714922106e-01 9.131419255502218890e-01
4.000000000000000000e+00 2.324094366394654498e-01 9.242822208133321116e-01
4.000000000000000000e+00 2.169045860018929961e-01 9.283579385925188054e-01
4.000000000000000000e+00 2.061839879890939586e-01 9.319807988406847432e-01
4.000000000000000000e+00 2.017810541413420922e-01 9.338828004709718300e-01
4.000000000000000000e+00 1.967613674840933691e-01 9.343356580019925861e-01
4.000000000000000000e+00 1.928757105619335055e-01 9.361470881260754995e-01
4.000000000000000000e+00 1.948927676073909654e-01 9.349696585454215780e-01
4.000000000000000000e+00 1.871559432234612130e-01 9.385019472873833424e-01
4.000000000000000000e+00 1.829870002576254873e-01 9.418530930169368709e-01
4.000000000000000000e+00 1.809431301280755855e-01 9.412190924735078790e-01
4.000000000000000000e+00 1.827866315630545524e-01 9.409473779548953587e-01
4.000000000000000000e+00 1.800070356585336817e-01 9.417625215107326975e-01
4.000000000000000000e+00 1.766852007068990538e-01 9.443890951906530606e-01
4.000000000000000000e+00 1.780935697644443483e-01 9.420342360293452177e-01
5.000000000000000000e+00 2.834883966388538901e-01 9.109682094013223930e-01
5.000000000000000000e+00 2.333550107325192413e-01 9.226519337016574340e-01
5.000000000000000000e+00 2.154726814682901004e-01 9.303505117290100657e-01
5.000000000000000000e+00 2.051801405929979394e-01 9.328865139027262554e-01
5.000000000000000000e+00 2.013731825312949086e-01 9.310750837786432310e-01
5.000000000000000000e+00 1.956702653967298811e-01 9.349696585454215780e-01
5.000000000000000000e+00 1.904117365894131553e-01 9.383208042749751066e-01
5.000000000000000000e+00 1.864827339107631154e-01 9.393170908432206812e-01
5.000000000000000000e+00 1.822308131958208510e-01 9.406756634362829494e-01
5.000000000000000000e+00 1.813845319290044167e-01 9.406756634362829494e-01
5.000000000000000000e+00 1.794684986796439286e-01 9.422153790417534536e-01
5.000000000000000000e+00 1.762290565656826347e-01 9.453853817588986352e-01
5.000000000000000000e+00 1.754516493461447113e-01 9.445702382030612965e-01
5.000000000000000000e+00 1.730456638216648357e-01 9.462910968209401474e-01
5.000000000000000000e+00 1.755313541128503685e-01 9.428493795851825565e-01
6.000000000000000000e+00 2.752868528556557948e-01 9.100624943392808808e-01
6.000000000000000000e+00 2.347266304258537051e-01 9.234670772574947728e-01
6.000000000000000000e+00 2.157669363234185067e-01 9.301693687166017188e-01
6.000000000000000000e+00 2.076005111386798052e-01 9.312562267910515779e-01
6.000000000000000000e+00 1.969306948228967402e-01 9.356036590888506810e-01
6.000000000000000000e+00 1.905950624208517796e-01 9.396793768680372638e-01
6.000000000000000000e+00 1.850338919556325512e-01 9.427588080789783831e-01
6.000000000000000000e+00 1.810199355438389668e-01 9.430305225975907923e-01
6.000000000000000000e+00 1.786061477299201727e-01 9.434833801286115484e-01
6.000000000000000000e+00 1.801174719644187405e-01 9.442079521782447138e-01
6.000000000000000000e+00 1.738375944848084276e-01 9.450230957340820526e-01
6.000000000000000000e+00 1.738333273464801043e-01 9.446608097092654699e-01
6.000000000000000000e+00 1.772973335622216595e-01 9.429399510913866189e-01
6.000000000000000000e+00 1.737997522567527320e-01 9.462910968209401474e-01
6.000000000000000000e+00 1.724519481929038811e-01 9.471062403767774862e-01
7.000000000000000000e+00 3.501469250717232362e-01 9.052622045104610216e-01
7.000000000000000000e+00 2.455959311646990217e-01 9.232859342450865370e-01
7.000000000000000000e+00 2.289678343295658003e-01 9.264559369622317186e-01
7.000000000000000000e+00 2.123078543623511671e-01 9.306222262476224749e-01
7.000000000000000000e+00 2.045166452711139060e-01 9.309845122724390576e-01
7.000000000000000000e+00 2.043903839331337735e-01 9.311656552848474044e-01
7.000000000000000000e+00 2.063420872392378869e-01 9.290825106421519708e-01
7.000000000000000000e+00 1.928571862771381873e-01 9.355130875826465076e-01
7.000000000000000000e+00 1.880267171746911881e-01 9.373245177067294209e-01
7.000000000000000000e+00 1.871011769292922344e-01 9.368716601757087759e-01
7.000000000000000000e+00 1.829703316390616508e-01 9.388642333122000361e-01
7.000000000000000000e+00 1.771838154915605923e-01 9.434833801286115484e-01
7.000000000000000000e+00 1.824722877105226515e-01 9.390453763246082719e-01
7.000000000000000000e+00 1.791855493838131752e-01 9.416719500045285240e-01
7.000000000000000000e+00 1.800070819098174846e-01 9.401322343990580199e-01
8.000000000000000000e+00 3.145651897947585596e-01 9.097907798206684715e-01
8.000000000000000000e+00 2.395961201468820578e-01 9.237387917761071821e-01
8.000000000000000000e+00 2.201306795312332754e-01 9.292636536545603176e-01
8.000000000000000000e+00 2.116831397971711271e-01 9.304410832352142391e-01
8.000000000000000000e+00 1.994911954814973798e-01 9.346979440268091688e-01
8.000000000000000000e+00 1.981173052505665055e-01 9.350602300516257515e-01
8.000000000000000000e+00 1.939339940357526770e-01 9.356036590888506810e-01
8.000000000000000000e+00 1.848850525090455499e-01 9.413096639797119414e-01
8.000000000000000000e+00 1.809172299147013274e-01 9.430305225975907923e-01
8.000000000000000000e+00 1.791616843118102875e-01 9.438456661534281311e-01
8.000000000000000000e+00 1.782144300290227357e-01 9.433928086224073750e-01
8.000000000000000000e+00 1.744967201716760841e-01 9.462005253147359740e-01
8.000000000000000000e+00 1.747327648528577415e-01 9.446608097092654699e-01
8.000000000000000000e+00 1.740374840556603020e-01 9.452042387464903994e-01
8.000000000000000000e+00 1.723639110200665681e-01 9.462910968209401474e-01
9.000000000000000000e+00 2.886793514349859091e-01 9.112399239199348022e-01
9.000000000000000000e+00 2.385505720047449152e-01 9.257313649125984423e-01
9.000000000000000000e+00 2.194257560330651613e-01 9.286296531111312147e-01
9.000000000000000000e+00 2.126156543761682782e-01 9.299882257041934830e-01
9.000000000000000000e+00 2.000147713920451542e-01 9.356942305950547434e-01
9.000000000000000000e+00 1.964904392130068511e-01 9.346073725206049954e-01
9.000000000000000000e+00 1.898774425855006553e-01 9.380490897563626973e-01
9.000000000000000000e+00 1.881474367509548828e-01 9.384113757811792800e-01
9.000000000000000000e+00 1.859040681330734468e-01 9.394076623494248546e-01
9.000000000000000000e+00 1.782320316281820471e-01 9.427588080789783831e-01
9.000000000000000000e+00 1.802899495391831752e-01 9.415813784983244616e-01
9.000000000000000000e+00 1.802642425881259280e-01 9.425776650665700362e-01
9.000000000000000000e+00 1.766858655717483129e-01 9.427588080789783831e-01
9.000000000000000000e+00 1.791522313760447738e-01 9.402228059052621933e-01
9.000000000000000000e+00 1.721796201284156169e-01 9.460193823023277382e-01
1.000000000000000000e+01 3.189913400890237449e-01 9.064396340911149430e-01
1.000000000000000000e+01 2.512417825256407222e-01 9.178516438728375748e-01
1.000000000000000000e+01 2.297960810936488796e-01 9.249162213567612145e-01
1.000000000000000000e+01 2.216658704429456950e-01 9.279956525677022228e-01
1.000000000000000000e+01 2.125093257963360793e-01 9.309845122724390576e-01
1.000000000000000000e+01 2.065911293619479838e-01 9.325242278779095617e-01
1.000000000000000000e+01 2.071029535731792881e-01 9.307127977538266483e-01
1.000000000000000000e+01 2.054165516368987865e-01 9.268182229870483013e-01
1.000000000000000000e+01 2.035423119202875442e-01 9.294447966669685535e-01
1.000000000000000000e+01 1.955138737487674971e-01 9.312562267910515779e-01
1.000000000000000000e+01 1.899520513653114862e-01 9.381396612625667597e-01
1.000000000000000000e+01 1.903364417822797083e-01 9.357848021012589168e-01
1.000000000000000000e+01 1.810488737912824553e-01 9.394982338556290280e-01
1.000000000000000000e+01 1.780495616931562775e-01 9.428493795851825565e-01
1.000000000000000000e+01 1.699447659296150492e-01 9.481025269450230608e-01
1.100000000000000000e+01 3.209194028635950491e-01 9.010959152250701543e-01
1.100000000000000000e+01 2.415950040263815379e-01 9.230142197264740167e-01
1.100000000000000000e+01 2.183033862641624023e-01 9.292636536545603176e-01
1.100000000000000000e+01 2.078242162100887580e-01 9.304410832352142391e-01
1.100000000000000000e+01 2.008379502147475681e-01 9.347885155330133422e-01
1.100000000000000000e+01 1.957183755312568996e-01 9.352413730640340983e-01
1.100000000000000000e+01 1.882711102640681478e-01 9.385925187935875158e-01
1.100000000000000000e+01 1.855837736575383368e-01 9.400416628928539575e-01
1.100000000000000000e+01 1.810739080720472627e-01 9.423059505479576270e-01
1.100000000000000000e+01 1.793440278414316913e-01 9.435739516348157219e-01
1.100000000000000000e+01 1.764079021157152483e-01 9.443890951906530606e-01
1.100000000000000000e+01 1.761384051239242021e-01 9.440268091658364780e-01
1.100000000000000000e+01 1.751660808703643379e-01 9.454759532651028087e-01
1.100000000000000000e+01 1.732247469535155571e-01 9.455665247713069821e-01
1.100000000000000000e+01 1.736074649068299336e-01 9.456570962775110445e-01
1.200000000000000000e+01 3.440890650141670837e-01 9.048093469794402655e-01
1.200000000000000000e+01 2.476139440845223916e-01 9.193913594783080789e-01
1.200000000000000000e+01 2.343391822940801561e-01 9.213839326147993392e-01
1.200000000000000000e+01 2.148043917638228772e-01 9.285390816049270413e-01
1.200000000000000000e+01 2.131357412040873200e-01 9.255502219001902064e-01
1.200000000000000000e+01 2.028913937214221752e-01 9.295353681731727269e-01
1.200000000000000000e+01 2.035115518872476215e-01 9.296259396793769003e-01
1.200000000000000000e+01 2.002514650370552929e-01 9.309845122724390576e-01
1.200000000000000000e+01 1.878501061669986816e-01 9.373245177067294209e-01
1.200000000000000000e+01 1.826530563522178463e-01 9.389548048184040985e-01
1.200000000000000000e+01 1.920455749169971971e-01 9.353319445702381607e-01
1.200000000000000000e+01 1.957227753099049505e-01 9.351508015578299249e-01
1.200000000000000000e+01 1.838014979377772529e-01 9.388642333122000361e-01
1.200000000000000000e+01 1.879325214639144537e-01 9.375962322253419412e-01
1.200000000000000000e+01 1.855931616485262392e-01 9.398605198804456107e-01
1.300000000000000000e+01 3.160361794609868324e-01 9.068019201159315257e-01
1.300000000000000000e+01 2.484568880387383882e-01 9.164024997735712441e-01
1.300000000000000000e+01 2.231188635138338927e-01 9.267276514808441279e-01
1.300000000000000000e+01 2.108032414511329666e-01 9.276333665428856401e-01
1.300000000000000000e+01 2.028672508195970003e-01 9.282673670863146320e-01
1.300000000000000000e+01 1.950387682153673641e-01 9.330676569151344912e-01
1.300000000000000000e+01 1.898458233978567167e-01 9.364188026446880198e-01
1.300000000000000000e+01 1.909776181982128507e-01 9.363282311384838463e-01
1.300000000000000000e+01 1.882088868297799866e-01 9.372339462005253585e-01
1.300000000000000000e+01 1.773247429242947870e-01 9.429399510913866189e-01
1.300000000000000000e+01 1.716718858055301666e-01 9.456570962775110445e-01
1.300000000000000000e+01 1.803451002329185815e-01 9.411285209673037055e-01
1.300000000000000000e+01 1.756594159072451256e-01 9.413096639797119414e-01
1.300000000000000000e+01 1.702302114308757164e-01 9.439362376596323045e-01
1.300000000000000000e+01 1.655957573539263150e-01 9.462005253147359740e-01
1.400000000000000000e+01 3.059132426930226689e-01 9.054433475228692574e-01
1.400000000000000000e+01 2.475898631757411372e-01 9.179422153790417482e-01
1.400000000000000000e+01 2.248406469934557395e-01 9.254596503939860330e-01
1.400000000000000000e+01 2.111908716373366024e-01 9.272710805180690574e-01
1.400000000000000000e+01 1.997891266978460978e-01 9.312562267910515779e-01
1.400000000000000000e+01 1.981635164487640377e-01 9.288107961235395615e-01
1.400000000000000000e+01 1.938903956205894341e-01 9.295353681731727269e-01
1.400000000000000000e+01 1.897370282347111414e-01 9.346073725206049954e-01
1.400000000000000000e+01 1.830679879570132340e-01 9.405850919300787760e-01
1.400000000000000000e+01 1.767558656581447174e-01 9.451136672402862260e-01
1.400000000000000000e+01 1.750168050913319118e-01 9.449325242278778791e-01
1.400000000000000000e+01 1.731066972483697453e-01 9.463816683271443209e-01
1.400000000000000000e+01 1.690628995440773830e-01 9.456570962775110445e-01
1.400000000000000000e+01 1.750448377574022052e-01 9.432116656099991392e-01
1.400000000000000000e+01 1.662928129020873613e-01 9.453853817588986352e-01
1.500000000000000000e+01 3.667133261711640890e-01 8.886876188751019479e-01
1.500000000000000000e+01 2.729698700862436267e-01 9.086133502400144391e-01
1.500000000000000000e+01 2.527995798287508422e-01 9.172176433294085829e-01
1.500000000000000000e+01 2.315641068188248886e-01 9.244633638257404584e-01
1.500000000000000000e+01 2.162096009085361092e-01 9.266370799746399545e-01
1.500000000000000000e+01 2.146780649614101755e-01 9.250973643691694503e-01
1.500000000000000000e+01 2.009476111413780741e-01 9.336110859523594208e-01
1.500000000000000000e+01 1.923911027646409699e-01 9.376868037315460036e-01
1.500000000000000000e+01 1.960581260565337214e-01 9.373245177067294209e-01
1.500000000000000000e+01 1.807434327559791221e-01 9.429399510913866189e-01
1.500000000000000000e+01 1.866146438398755825e-01 9.404039489176705402e-01
1.500000000000000000e+01 1.750721587293747050e-01 9.443890951906530606e-01
1.500000000000000000e+01 1.850998876041041463e-01 9.384113757811792800e-01
1.500000000000000000e+01 1.702585655607509463e-01 9.446608097092654699e-01
1.500000000000000000e+01 1.747634574581174161e-01 9.411285209673037055e-01
1.600000000000000000e+01 4.169192476595772190e-01 7.012046010325151402e-01
1.600000000000000000e+01 3.994539363770657769e-01 8.043655465990399156e-01
1.600000000000000000e+01 3.780035555988485174e-01 8.933973371977176337e-01
1.600000000000000000e+01 2.530807585896401313e-01 9.260030794312109625e-01
1.600000000000000000e+01 2.163445347055464596e-01 9.272710805180690574e-01
1.600000000000000000e+01 2.011401282757327158e-01 9.297165111855809627e-01
1.600000000000000000e+01 1.948793980281211813e-01 9.320713703468889166e-01
1.600000000000000000e+01 1.900243104895011359e-01 9.386830902997916892e-01
1.600000000000000000e+01 1.879239997928852657e-01 9.404039489176705402e-01
1.600000000000000000e+01 1.759567900497042703e-01 9.459288107961235648e-01
1.600000000000000000e+01 1.748015267102511483e-01 9.433928086224073750e-01
1.600000000000000000e+01 1.715460124645901419e-01 9.457476677837152179e-01
1.600000000000000000e+01 1.658512879260320150e-01 9.477402409202064781e-01
1.600000000000000000e+01 1.644986165918861099e-01 9.492799565256769823e-01
1.600000000000000000e+01 1.638814783394643981e-01 9.490082420070645730e-01
1.700000000000000000e+01 3.171273668575479432e-01 8.970201974458835714e-01
1.700000000000000000e+01 2.566661204233909310e-01 9.135947830812426451e-01
1.700000000000000000e+01 2.201937672080692410e-01 9.254596503939860330e-01
1.700000000000000000e+01 2.059677486322401829e-01 9.286296531111312147e-01
1.700000000000000000e+01 2.014429939278712112e-01 9.265465084684357810e-01
1.700000000000000000e+01 1.969767311486564643e-01 9.277239380490897025e-01
1.700000000000000000e+01 1.887884494639460731e-01 9.366905171633004290e-01
1.700000000000000000e+01 1.758785404714629796e-01 9.460193823023277382e-01
1.700000000000000000e+01 1.732144488426710371e-01 9.462910968209401474e-01
1.700000000000000000e+01 1.644836702256887440e-01 9.511819581559641801e-01
1.700000000000000000e+01 1.649048888445161787e-01 9.516348156869848252e-01
1.700000000000000000e+01 1.581838323691767412e-01 9.524499592428221639e-01
1.700000000000000000e+01 1.576622635052308818e-01 9.531745312924554403e-01
1.700000000000000000e+01 1.561646885257470807e-01 9.538991033420886057e-01
1.700000000000000000e+01 1.614534579691719318e-01 9.494610995380853291e-01
1.800000000000000000e+01 3.386158380799640377e-01 8.998279141382121704e-01
1.800000000000000000e+01 2.649341357082087844e-01 9.123267819943845502e-01
1.800000000000000000e+01 2.373798817616600276e-01 9.203876460465537646e-01
1.800000000000000000e+01 2.174412552250917230e-01 9.221085046644326155e-01
1.800000000000000000e+01 2.068307768549955405e-01 9.258219364188026157e-01
1.800000000000000000e+01 2.027916813850487998e-01 9.274522235304772932e-01
1.800000000000000000e+01 1.960845421836512614e-01 9.347885155330133422e-01
1.800000000000000000e+01 1.881067571618522949e-01 9.424870935603658628e-01
1.800000000000000000e+01 1.802413177647547160e-01 9.445702382030612965e-01
1.800000000000000000e+01 1.728333757983180063e-01 9.466533828457567301e-01
1.800000000000000000e+01 1.692526974272032803e-01 9.475590979077982423e-01
1.800000000000000000e+01 1.711782024712443229e-01 9.457476677837152179e-01
1.800000000000000000e+01 1.718653102188516246e-01 9.446608097092654699e-01
1.800000000000000000e+01 1.597649136412941095e-01 9.519971017118015189e-01
1.800000000000000000e+01 1.660038466448690575e-01 9.489176705008603996e-01
1.900000000000000000e+01 4.185344543109245641e-01 7.098088941219092840e-01
1.900000000000000000e+01 3.998542894313695251e-01 7.079974639978262596e-01
1.900000000000000000e+01 3.815102215490218662e-01 7.223077619780816638e-01
1.900000000000000000e+01 2.474764042470862790e-01 9.215650756272076860e-01
1.900000000000000000e+01 2.146025724890575082e-01 9.284485100987229789e-01
1.900000000000000000e+01 2.085426600608966119e-01 9.300787972103976564e-01
1.900000000000000000e+01 1.976246794423308917e-01 9.283579385925188054e-01
1.900000000000000000e+01 1.954941234582688314e-01 9.336110859523594208e-01
1.900000000000000000e+01 1.872512373383743989e-01 9.398605198804456107e-01
1.900000000000000000e+01 1.812127537443236069e-01 9.431210941037949658e-01
1.900000000000000000e+01 1.759252758220422042e-01 9.461099538085318006e-01
1.900000000000000000e+01 1.771847481797456936e-01 9.439362376596323045e-01
1.900000000000000000e+01 1.701202466420380643e-01 9.484648129698396435e-01
1.900000000000000000e+01 1.662161776874344632e-01 9.493705280318811557e-01
1.900000000000000000e+01 1.644084214406421052e-01 9.519971017118015189e-01
2.000000000000000000e+01 3.625754971519548064e-01 8.952087673218005470e-01
2.000000000000000000e+01 2.526509601769865165e-01 9.219273616520242687e-01
2.000000000000000000e+01 2.242783340437097817e-01 9.270899375056607106e-01
2.000000000000000000e+01 2.188205559560913727e-01 9.260936509374151360e-01
2.000000000000000000e+01 2.093895579676704199e-01 9.266370799746399545e-01
2.000000000000000000e+01 2.142735230578269312e-01 9.224707906892491982e-01
2.000000000000000000e+01 2.026075789321356291e-01 9.272710805180690574e-01
2.000000000000000000e+01 2.012283437277286036e-01 9.267276514808441279e-01
2.000000000000000000e+01 1.923445459164233318e-01 9.397699483742414373e-01
2.000000000000000000e+01 1.933600647408585393e-01 9.361470881260754995e-01
2.000000000000000000e+01 1.841452217490544829e-01 9.415813784983244616e-01
2.000000000000000000e+01 1.726279163039110276e-01 9.449325242278778791e-01
2.000000000000000000e+01 1.849548653462773640e-01 9.403133774114663668e-01
2.000000000000000000e+01 1.736588926110099185e-01 9.438456661534281311e-01
2.000000000000000000e+01 1.631048233749578524e-01 9.489176705008603996e-01
2.100000000000000000e+01 3.245886277195358938e-01 9.011864867312743277e-01
2.100000000000000000e+01 2.511976914915507453e-01 9.180327868852459217e-01
2.100000000000000000e+01 2.238982732340923931e-01 9.273616520242731198e-01
2.100000000000000000e+01 2.033200880382644016e-01 9.303505117290100657e-01
2.100000000000000000e+01 1.965605778605683251e-01 9.325242278779095617e-01
2.100000000000000000e+01 1.962150991263970079e-01 9.319807988406847432e-01
2.100000000000000000e+01 1.810964422000115315e-01 9.416719500045285240e-01
2.100000000000000000e+01 1.768788304112772491e-01 9.457476677837152179e-01
2.100000000000000000e+01 1.731293647867196139e-01 9.452948102526944618e-01
2.100000000000000000e+01 1.719029929519870215e-01 9.452948102526944618e-01
2.100000000000000000e+01 1.644176069538369478e-01 9.483742414636355811e-01
2.100000000000000000e+01 1.604029064580915487e-01 9.494610995380853291e-01
2.100000000000000000e+01 1.579741156458222828e-01 9.530839597862512669e-01
2.100000000000000000e+01 1.556965767010986268e-01 9.529028167738429200e-01
2.100000000000000000e+01 1.548264200527654788e-01 9.529933882800470935e-01
2.200000000000000000e+01 3.260932939273795683e-01 8.999184856444162328e-01
2.200000000000000000e+01 2.513146389230672129e-01 9.197536455031246616e-01
2.200000000000000000e+01 2.231417423193041150e-01 9.261842224436191984e-01
2.200000000000000000e+01 2.193694150848103375e-01 9.210216465899827565e-01
2.200000000000000000e+01 2.049458390013607079e-01 9.241916493071279382e-01
2.200000000000000000e+01 1.943813062072133890e-01 9.368716601757087759e-01
2.200000000000000000e+01 1.847522436910397636e-01 9.420342360293452177e-01
2.200000000000000000e+01 1.831891540675268104e-01 9.419436645231410443e-01
2.200000000000000000e+01 1.710462443301864477e-01 9.471062403767774862e-01
2.200000000000000000e+01 1.713039369243496146e-01 9.462005253147359740e-01
2.200000000000000000e+01 1.611227974644907912e-01 9.505479576125350771e-01
2.200000000000000000e+01 1.593850905142326913e-01 9.512725296621682425e-01
2.200000000000000000e+01 1.605032044061119323e-01 9.490988135132687464e-01
2.200000000000000000e+01 1.548164345195091607e-01 9.550765329227425271e-01
2.200000000000000000e+01 1.557839718971075482e-01 9.529028167738429200e-01
2.300000000000000000e+01 3.390240422203805726e-01 9.010053437188660919e-01
2.300000000000000000e+01 2.658112414041884364e-01 9.120550674757721410e-01
2.300000000000000000e+01 2.344828337482666725e-01 9.203876460465537646e-01
2.300000000000000000e+01 2.213542942646250788e-01 9.223802191830450248e-01
2.300000000000000000e+01 2.052668632869653342e-01 9.254596503939860330e-01
2.300000000000000000e+01 2.041455482926811948e-01 9.266370799746399545e-01
2.300000000000000000e+01 1.927388531707175390e-01 9.356942305950547434e-01
2.300000000000000000e+01 1.937571913770401166e-01 9.365999456570962556e-01
2.300000000000000000e+01 1.804275262020169912e-01 9.440268091658364780e-01
2.300000000000000000e+01 1.828888848632106989e-01 9.414908069921202882e-01
2.300000000000000000e+01 1.757735425524537543e-01 9.434833801286115484e-01
2.300000000000000000e+01 1.686933273090524821e-01 9.475590979077982423e-01
2.300000000000000000e+01 1.663929565764465934e-01 9.479213839326148250e-01
2.300000000000000000e+01 1.660557310839743950e-01 9.483742414636355811e-01
2.300000000000000000e+01 1.690473603141821601e-01 9.449325242278778791e-01
