0.000000000000000000e+00 3.913926438791340834e-01 8.747396069196631263e-01
0.000000000000000000e+00 3.688470268941605457e-01 8.831627569966488123e-01
0.000000000000000000e+00 3.632728800798884494e-01 8.854270446517525928e-01
0.000000000000000000e+00 3.616551222461571458e-01 8.875101892944479154e-01
0.000000000000000000e+00 3.603665722672417804e-01 8.822570419346074111e-01
0.000000000000000000e+00 3.536940326058932715e-01 8.889593333937143571e-01
0.000000000000000000e+00 3.512215029791517229e-01 8.891404764061225929e-01
0.000000000000000000e+00 3.512740524343216930e-01 8.876007608006520888e-01
0.000000000000000000e+00 3.484256759208281262e-01 8.914953355674304358e-01
0.000000000000000000e+00 3.477444642250473450e-01 8.896839054433475225e-01
0.000000000000000000e+00 3.477593661238879141e-01 8.910424780364097908e-01
0.000000000000000000e+00 3.457226654870611537e-01 8.908613350240014439e-01
0.000000000000000000e+00 3.527659279516029422e-01 8.921293361108595388e-01
0.000000000000000000e+00 3.481763766526502768e-01 8.918576215922471295e-01
0.000000000000000000e+00 3.458910856639250131e-01 8.888687618875101837e-01
1.000000000000000000e+00 3.336807581840990355e-01 8.999184856444162328e-01
1.000000000000000000e+00 2.774744291958943787e-01 9.093379222896477154e-01
1.000000000000000000e+00 2.632153821184475828e-01 9.138664975998550544e-01
1.000000000000000000e+00 2.509129583453478807e-01 9.154062132053255585e-01
1.000000000000000000e+00 2.454180193542537802e-01 9.164930712797754175e-01
1.000000000000000000e+00 2.465622301497844837e-01 9.145910696494882197e-01
1.000000000000000000e+00 2.371088321597830673e-01 9.204782175527579380e-01
1.000000000000000000e+00 2.374120868049122424e-01 9.163119282673670707e-01
1.000000000000000000e+00 2.321733233458903034e-01 9.231953627388823636e-01
1.000000000000000000e+00 2.368338703150850155e-01 9.193913594783080789e-01
1.000000000000000000e+00 2.296264718402908078e-01 9.260936509374151360e-01
1.000000000000000000e+00 2.307207825197889195e-01 9.232859342450865370e-01
1.000000000000000000e+00 2.292946295289389480e-01 9.241916493071279382e-01
1.000000000000000000e+00 2.314595382188594508e-01 9.200253600217371819e-01
1.000000000000000000e+00 2.318788844734535892e-01 9.190290734534914963e-01
2.000000000000000000e+00 3.459937158654463607e-01 9.048999184856444389e-01
2.000000000000000000e+00 2.667051860532708707e-01 9.137759260936509920e-01
2.000000000000000000e+00 2.515169729422627176e-01 9.123267819943845502e-01
2.000000000000000000e+00 2.439916808916746116e-01 9.098813513268725339e-01
2.000000000000000000e+00 2.286889979449711896e-01 9.173987863418168187e-01
2.000000000000000000e+00 2.356410603563230122e-01 9.187573589348790870e-01
2.000000000000000000e+00 2.331972625593125292e-01 9.195725024907164258e-01
2.000000000000000000e+00 2.183283430643546130e-01 9.188479304410832604e-01
2.000000000000000000e+00 2.130718051739970698e-01 9.256407934063943799e-01
2.000000000000000000e+00 2.074346063606815893e-01 9.255502219001902064e-01
2.000000000000000000e+00 2.259242699420192235e-01 9.165836427859794799e-01
2.000000000000000000e+00 2.025681827928933476e-01 9.297165111855809627e-01
2.000000000000000000e+00 2.151023448627737700e-01 9.199347885155330085e-01
2.000000000000000000e+00 2.088403194421186715e-01 9.268182229870483013e-01
2.000000000000000000e+00 2.029367138651680946e-01 9.297165111855809627e-01
3.000000000000000000e+00 3.022892137420831737e-01 9.066207771035231788e-01
3.000000000000000000e+00 2.560221292774761959e-01 9.103342088578932900e-01
3.000000000000000000e+00 2.335005959632337758e-01 9.217462186396159218e-01
3.000000000000000000e+00 2.226360384536495152e-01 9.204782175527579380e-01
3.000000000000000000e+00 2.145092785029522331e-01 9.231953627388823636e-01
3.000000000000000000e+00 2.096015729632056124e-01 9.222896476768408514e-01
3.000000000000000000e+00 2.075360000303580477e-01 9.240105062947197023e-01
3.000000000000000000e+00 2.106174854508558458e-01 9.233765057512905994e-01
3.000000000000000000e+00 1.958439441684636240e-01 9.328865139027262554e-01
3.000000000000000000e+00 1.965907820347847779e-01 9.356942305950547434e-01
3.000000000000000000e+00 2.000893548540506051e-01 9.300787972103976564e-01
3.000000000000000000e+00 1.861034576446261579e-01 9.408568064486912963e-01
3.000000000000000000e+00 1.954621396498607278e-01 9.350602300516257515e-01
3.000000000000000000e+00 2.172076936410140269e-01 9.228330767140657809e-01
3.000000000000000000e+00 1.902596317067878906e-01 9.351508015578299249e-01
4.000000000000000000e+00 3.037917927622701408e-01 9.058962050538900135e-01
4.000000000000000000e+00 2.545394505344695246e-01 9.117833529571597317e-01
4.000000000000000000e+00 2.336326741298121457e-01 9.182139298976541575e-01
4.000000000000000000e+00 2.176487552964461447e-01 9.266370799746399545e-01
4.000000000000000000e+00 2.073333827847088640e-01 9.281767955801104586e-01
4.000000000000000000e+00 2.052112280624947271e-01 9.236482202699031197e-01
4.000000000000000000e+00 1.986520078121072619e-01 9.303505117290100657e-01
4.000000000000000000e+00 1.968271816866300483e-01 9.317996558282763964e-01
4.000000000000000000e+00 1.944434502038339674e-01 9.329770854089303178e-01
4.000000000000000000e+00 1.910926949913330508e-01 9.368716601757087759e-01
4.000000000000000000e+00 1.952619207153547254e-01 9.351508015578299249e-01
4.000000000000000000e+00 2.009100052649882007e-01 9.294447966669685535e-01
4.000000000000000000e+00 1.838791361006581193e-01 9.412190924735078790e-01
4.000000000000000000e+00 1.809090071370169084e-01 9.425776650665700362e-01
4.000000000000000000e+00 1.890018610144465760e-01 9.385925187935875158e-01
5.000000000000000000e+00 4.116043971654338995e-01 7.114391812335839615e-01
5.000000000000000000e+00 3.989224545588888615e-01 7.955801104972375359e-01
5.000000000000000000e+00 3.864932421517502936e-01 7.952178244724209533e-01
5.000000000000000000e+00 3.822155205815659373e-01 7.178697581740783873e-01
5.000000000000000000e+00 2.676655593863922489e-01 9.185762159224707402e-01
5.000000000000000000e+00 2.252901316320440606e-01 9.265465084684357810e-01
5.000000000000000000e+00 2.105540509072800215e-01 9.308939407662349952e-01
5.000000000000000000e+00 2.021355457561625213e-01 9.343356580019925861e-01
5.000000000000000000e+00 2.014698843317329624e-01 9.309845122724390576e-01
5.000000000000000000e+00 1.945649546862504020e-01 9.362376596322796729e-01
5.000000000000000000e+00 1.894341161941142382e-01 9.386830902997916892e-01
5.000000000000000000e+00 1.862204023861290247e-01 9.418530930169368709e-01
5.000000000000000000e+00 1.829982947354504286e-01 9.442985236844488872e-01
5.000000000000000000e+00 1.796066899354014090e-01 9.448419527216738167e-01
5.000000000000000000e+00 1.800353417637445830e-01 9.454759532651028087e-01
6.000000000000000000e+00 3.144139016796360098e-01 9.071642061407481084e-01
6.000000000000000000e+00 2.500098503299123531e-01 9.145004981432841573e-01
6.000000000000000000e+00 2.310023573036843192e-01 9.205687890589620004e-01
6.000000000000000000e+00 2.143762824078918050e-01 9.282673670863146320e-01
6.000000000000000000e+00 2.059644927828679084e-01 9.293542251607643800e-01
6.000000000000000000e+00 2.011030542297047030e-01 9.305316547414183015e-01
6.000000000000000000e+00 2.026019651703329094e-01 9.269087944932524747e-01
6.000000000000000000e+00 1.867640853937866385e-01 9.397699483742414373e-01
6.000000000000000000e+00 1.864710059866640512e-01 9.379585182501585239e-01
6.000000000000000000e+00 1.795100476640360543e-01 9.428493795851825565e-01
6.000000000000000000e+00 1.781003823452350088e-01 9.426682365727742097e-01
6.000000000000000000e+00 1.760426003976940934e-01 9.433022371162032016e-01
6.000000000000000000e+00 1.734966116323924668e-01 9.449325242278778791e-01
6.000000000000000000e+00 1.733354232995270305e-01 9.438456661534281311e-01
6.000000000000000000e+00 1.691893115492258404e-01 9.460193823023277382e-01
7.000000000000000000e+00 4.140314467902872497e-01 7.110768952087672679e-01
7.000000000000000000e+00 3.995693490365849754e-01 8.364278597953084260e-01
7.000000000000000000e+00 3.874089823018439516e-01 8.533647314554840824e-01
7.000000000000000000e+00 2.388591310415544844e-01 9.229236482202699543e-01
7.000000000000000000e+00 2.160246769885793561e-01 9.273616520242731198e-01
7.000000000000000000e+00 2.008900864655430163e-01 9.295353681731727269e-01
7.000000000000000000e+00 1.917258939643215476e-01 9.363282311384838463e-01
7.000000000000000000e+00 1.857689595104932423e-01 9.414908069921202882e-01
7.000000000000000000e+00 1.808279353367771014e-01 9.447513812154696433e-01
7.000000000000000000e+00 1.794237967890664198e-01 9.432116656099991392e-01
7.000000000000000000e+00 1.704535045432585827e-01 9.473779548953898955e-01
7.000000000000000000e+00 1.706038467965884931e-01 9.462005253147359740e-01
7.000000000000000000e+00 1.706323122561449745e-01 9.462005253147359740e-01
7.000000000000000000e+00 1.700899288941332410e-01 9.464722398333483833e-01
7.000000000000000000e+00 1.698916670716403843e-01 9.467439543519609035e-01
8.000000000000000000e+00 3.173536275664121664e-01 9.009147722126619184e-01
8.000000000000000000e+00 2.646966831920235519e-01 9.069830631283398725e-01
8.000000000000000000e+00 2.357576150079722377e-01 9.187573589348790870e-01
8.000000000000000000e+00 2.181058482492816974e-01 9.254596503939860330e-01
8.000000000000000000e+00 2.080257248597968400e-01 9.294447966669685535e-01
8.000000000000000000e+00 2.002362587360702884e-01 9.336110859523594208e-01
8.000000000000000000e+00 1.996783433901363758e-01 9.316185128158681605e-01
8.000000000000000000e+00 1.962710331559269494e-01 9.343356580019925861e-01
8.000000000000000000e+00 1.837373655513584170e-01 9.418530930169368709e-01
8.000000000000000000e+00 1.857700626977018543e-01 9.406756634362829494e-01
8.000000000000000000e+00 1.789029606529624061e-01 9.429399510913866189e-01
8.000000000000000000e+00 1.773318021788783672e-01 9.433022371162032016e-01
8.000000000000000000e+00 1.752729926974906927e-01 9.426682365727742097e-01
8.000000000000000000e+00 1.709428761603977720e-01 9.452042387464903994e-01
8.000000000000000000e+00 1.672553684105891891e-01 9.456570962775110445e-01
9.000000000000000000e+00 4.013787928609373612e-01 8.834344715152613325e-01
9.000000000000000000e+00 2.831425821009853627e-01 9.071642061407481084e-01
9.000000000000000000e+00 2.534520212489109192e-01 9.170365003170002360e-01
9.000000000000000000e+00 2.367285680279955784e-01 9.204782175527579380e-01
9.000000000000000000e+00 2.339611482867132441e-01 9.212933611085952768e-01
9.000000000000000000e+00 2.288475832212336358e-01 9.256407934063943799e-01
9.000000000000000000e+00 2.330561557032800879e-01 9.135947830812426451e-01
9.000000000000000000e+00 2.118361660155023141e-01 9.284485100987229789e-01
9.000000000000000000e+00 2.191434677542903886e-01 9.269087944932524747e-01
9.000000000000000000e+00 2.162447820077480209e-01 9.269087944932524747e-01
9.000000000000000000e+00 2.072571849274655598e-01 9.312562267910515779e-01
9.000000000000000000e+00 1.976812133138010907e-01 9.333393714337469005e-01
9.000000000000000000e+00 1.971738092990320546e-01 9.345168010144008219e-01
9.000000000000000000e+00 1.897242367794186035e-01 9.363282311384838463e-01
9.000000000000000000e+00 1.859462678349100007e-01 9.383208042749751066e-01
1.000000000000000000e+01 3.580682918070681175e-01 8.953899103342088939e-01
1.000000000000000000e+01 2.619228899987149917e-01 9.104247803640974634e-01
1.000000000000000000e+01 2.397250651839821223e-01 9.184856444162666778e-01
1.000000000000000000e+01 2.223632630334182736e-01 9.257313649125984423e-01
1.000000000000000000e+01 2.163360970150509932e-01 9.245539353319445208e-01
1.000000000000000000e+01 2.121473102082541973e-01 9.236482202699031197e-01
1.000000000000000000e+01 2.022749685758243876e-01 9.308033692600308218e-01
1.000000000000000000e+01 2.069903875749903865e-01 9.318902273344805698e-01
1.000000000000000000e+01 2.003528352521057598e-01 9.358753736074630902e-01
1.000000000000000000e+01 1.838754957177959892e-01 9.420342360293452177e-01
1.000000000000000000e+01 1.889329817458597072e-01 9.419436645231410443e-01
1.000000000000000000e+01 1.775976416162452498e-01 9.437550946472239577e-01
1.000000000000000000e+01 1.668254788174155789e-01 9.500045285753102586e-01
1.000000000000000000e+01 1.673626630806549220e-01 9.465628113395525567e-01
1.000000000000000000e+01 1.720335321836000686e-01 9.432116656099991392e-01
1.100000000000000000e+01 3.387556044605199435e-01 8.968390544334752246e-01
1.100000000000000000e+01 2.666916270517769583e-01 9.126890680192011329e-01
1.100000000000000000e+01 2.371444980025423643e-01 9.196630739969205992e-01
1.100000000000000000e+01 2.219395350138168577e-01 9.246445068381486942e-01
1.100000000000000000e+01 2.139884077631483972e-01 9.240105062947197023e-01
1.100000000000000000e+01 2.259420739326866989e-01 9.145910696494882197e-01
1.100000000000000000e+01 2.050075911393182126e-01 9.253690788877818596e-01
1.100000000000000000e+01 2.035151645893621408e-01 9.291730821483561442e-01
1.100000000000000000e+01 1.954547895077384245e-01 9.354225160764423341e-01
1.100000000000000000e+01 1.894011602283527662e-01 9.391359478308124453e-01
1.100000000000000000e+01 1.819429378258342334e-01 9.429399510913866189e-01
1.100000000000000000e+01 1.798959218407339411e-01 9.424870935603658628e-01
1.100000000000000000e+01 1.707100079807648274e-01 9.480119554388189984e-01
1.100000000000000000e+01 1.729658034955711410e-01 9.459288107961235648e-01
1.100000000000000000e+01 1.683074810334226346e-01 9.479213839326148250e-01
1.200000000000000000e+01 3.121600238853040055e-01 9.016393442622950838e-01
1.200000000000000000e+01 2.644785453377753170e-01 9.106964948827098727e-01
1.200000000000000000e+01 2.327082336932706774e-01 9.206593605651661738e-01
1.200000000000000000e+01 2.174152879388972781e-01 9.252785073815777972e-01
1.200000000000000000e+01 2.044388375898922583e-01 9.309845122724390576e-01
1.200000000000000000e+01 2.011045462078860369e-01 9.273616520242731198e-01
1.200000000000000000e+01 1.896710932724847420e-01 9.406756634362829494e-01
1.200000000000000000e+01 1.937477564231758487e-01 9.360565166198714371e-01
1.200000000000000000e+01 1.795367509797330952e-01 9.448419527216738167e-01
1.200000000000000000e+01 1.767692438935148658e-01 9.440268091658364780e-01
1.200000000000000000e+01 1.707755212847270887e-01 9.466533828457567301e-01
1.200000000000000000e+01 1.732130472640217855e-01 9.450230957340820526e-01
1.200000000000000000e+01 1.671616341142869722e-01 9.472873833891857220e-01
1.200000000000000000e+01 1.638740606821902368e-01 9.486459559822479903e-01
1.200000000000000000e+01 1.627580527382747611e-01 9.499139570691060852e-01
1.300000000000000000e+01 3.171705262507399925e-01 9.043564894484195094e-01
1.300000000000000000e+01 2.631549589072078033e-01 9.090662077710351952e-01
1.300000000000000000e+01 2.301566154220010818e-01 9.228330767140657809e-01
1.300000000000000000e+01 2.200240335432985528e-01 9.241010778009238757e-01
1.300000000000000000e+01 2.038104679423144994e-01 9.271805090118648840e-01
1.300000000000000000e+01 2.000854916356765156e-01 9.283579385925188054e-01
1.300000000000000000e+01 1.888228385762014683e-01 9.393170908432206812e-01
1.300000000000000000e+01 1.803591365585532069e-01 9.433022371162032016e-01
1.300000000000000000e+01 1.760652068617785670e-01 9.464722398333483833e-01
1.300000000000000000e+01 1.704114195142345245e-01 9.479213839326148250e-01
1.300000000000000000e+01 1.824152191895349606e-01 9.421248075355492801e-01
1.300000000000000000e+01 1.632263157795181552e-01 9.499139570691060852e-01
1.300000000000000000e+01 1.699574142341159222e-01 9.451136672402862260e-01
1.300000000000000000e+01 1.606245202278784867e-01 9.504573861063309037e-01
1.300000000000000000e+01 1.607223177429897010e-01 9.490082420070645730e-01
1.400000000000000000e+01 3.556350333638047534e-01 8.981976270265374929e-01
1.400000000000000000e+01 2.726060405884415117e-01 9.134136400688342983e-01
1.400000000000000000e+01 2.454631975605700012e-01 9.218367901458200953e-01
1.400000000000000000e+01 2.423750356488295898e-01 9.183950729100625043e-01
1.400000000000000000e+01 2.185131172530516419e-01 9.280862240739063962e-01
1.400000000000000000e+01 2.351489293975929928e-01 9.146816411556923931e-01
1.400000000000000000e+01 2.056460843541156880e-01 9.317996558282763964e-01
1.400000000000000000e+01 2.016496872473101942e-01 9.317090843220722229e-01
1.400000000000000000e+01 1.967845968831833381e-01 9.337922289647676566e-01
1.400000000000000000e+01 1.861124794503333790e-01 9.404945204238746026e-01
1.400000000000000000e+01 1.748413080606610881e-01 9.457476677837152179e-01
1.400000000000000000e+01 1.827357389395752874e-01 9.406756634362829494e-01
1.400000000000000000e+01 1.730163358246359362e-01 9.448419527216738167e-01
1.400000000000000000e+01 1.689858072683590728e-01 9.481025269450230608e-01
1.400000000000000000e+01 1.681206229240214678e-01 9.478308124264106516e-01
1.500000000000000000e+01 3.060770473829427241e-01 8.994656281133954767e-01
1.500000000000000000e+01 2.541262391694589784e-01 9.164024997735712441e-01
1.500000000000000000e+01 2.289255637646170904e-01 9.231047912326781901e-01
1.500000000000000000e+01 2.158770503169187838e-01 9.222896476768408514e-01
1.500000000000000000e+01 2.038420041147629980e-01 9.261842224436191984e-01
1.500000000000000000e+01 1.932946412890859111e-01 9.336110859523594208e-01
1.500000000000000000e+01 1.864859549445309073e-01 9.402228059052621933e-01
1.500000000000000000e+01 1.815065350663345733e-01 9.417625215107326975e-01
1.500000000000000000e+01 1.801150565793840086e-01 9.429399510913866189e-01
1.500000000000000000e+01 1.670461665046083510e-01 9.488270989946562262e-01
1.500000000000000000e+01 1.665796122493585774e-01 9.490988135132687464e-01
1.500000000000000000e+01 1.652650885975261441e-01 9.476496694140023047e-01
1.500000000000000000e+01 1.610797124182664630e-01 9.500045285753102586e-01
1.500000000000000000e+01 1.671930122116494499e-01 9.462005253147359740e-01
1.500000000000000000e+01 1.583344745828329792e-01 9.495516710442895025e-01
1.600000000000000000e+01 3.553290384446947670e-01 8.989221990761706582e-01
1.600000000000000000e+01 2.807385004373159076e-01 9.091567792772393686e-01
1.600000000000000000e+01 2.658453064094681295e-01 9.116022099447513849e-01
1.600000000000000000e+01 2.392464788054058378e-01 9.212027896023911033e-01
1.600000000000000000e+01 2.311382435606411934e-01 9.198442170093288350e-01
1.600000000000000000e+01 2.301660284222861175e-01 9.164930712797754175e-01
1.600000000000000000e+01 2.059924583510257534e-01 9.319807988406847432e-01
1.600000000000000000e+01 1.899567641938379736e-01 9.424870935603658628e-01
1.600000000000000000e+01 1.821457486760447719e-01 9.433928086224073750e-01
1.600000000000000000e+01 1.834205277044960447e-01 9.433022371162032016e-01
1.600000000000000000e+01 1.816530429555733850e-01 9.437550946472239577e-01
1.600000000000000000e+01 1.681036241578956203e-01 9.494610995380853291e-01
1.600000000000000000e+01 1.862710534967666476e-01 9.395888053618332014e-01
1.600000000000000000e+01 1.744664995084691250e-01 9.437550946472239577e-01
1.600000000000000000e+01 1.750238550719596942e-01 9.433022371162032016e-01
1.700000000000000000e+01 3.081294112653516493e-01 9.039036319173987533e-01
1.700000000000000000e+01 2.462446690921882841e-01 9.200253600217371819e-01
1.700000000000000000e+01 2.146903165012213621e-01 9.284485100987229789e-01
1.700000000000000000e+01 2.000681394126992696e-01 9.330676569151344912e-01
1.700000000000000000e+01 1.957309390949814598e-01 9.339733719771760034e-01
1.700000000000000000e+01 1.922574456127615350e-01 9.327053708903179086e-01
1.700000000000000000e+01 1.857235416506559378e-01 9.393170908432206812e-01
1.700000000000000000e+01 1.848891201293937081e-01 9.411285209673037055e-01
1.700000000000000000e+01 1.777712031316484032e-01 9.434833801286115484e-01
1.700000000000000000e+01 1.735384450624770369e-01 9.452948102526944618e-01
1.700000000000000000e+01 1.773865427289884333e-01 9.431210941037949658e-01
1.700000000000000000e+01 1.657405592665004701e-01 9.481025269450230608e-01
1.700000000000000000e+01 1.620306372179882715e-01 9.515442441807807628e-01
1.700000000000000000e+01 1.591402465026652557e-01 9.513631011683724159e-01
1.700000000000000000e+01 1.605643066292738452e-01 9.513631011683724159e-01
1.800000000000000000e+01 2.986683862758628960e-01 9.058056335476859511e-01
1.800000000000000000e+01 2.423662925258110445e-01 9.222896476768408514e-01
1.800000000000000000e+01 2.125270984670451502e-01 9.306222262476224749e-01
1.800000000000000000e+01 1.995149093680995689e-01 9.331582284213386647e-01
1.800000000000000000e+01 1.897157378446856779e-01 9.374150892129335944e-01
1.800000000000000000e+01 1.851108845042294115e-01 9.396793768680372638e-01
1.800000000000000000e+01 1.804645001883107558e-01 9.451136672402862260e-01
1.800000000000000000e+01 1.710185627151306897e-01 9.465628113395525567e-01
1.800000000000000000e+01 1.663611008379242973e-01 9.504573861063309037e-01
1.800000000000000000e+01 1.648079763233834538e-01 9.501856715877184945e-01
1.800000000000000000e+01 1.629774549973504738e-01 9.504573861063309037e-01
1.800000000000000000e+01 1.586164850082396049e-01 9.529933882800470935e-01
1.800000000000000000e+01 1.567627949040023838e-01 9.534462458110678496e-01
1.800000000000000000e+01 1.549874106487409697e-01 9.548953899103341803e-01
1.800000000000000000e+01 1.587103297213380559e-01 9.510913866497600067e-01
1.900000000000000000e+01 3.216076009438963434e-01 9.010053437188660919e-01
1.900000000000000000e+01 2.526409373674260439e-01 9.169459288107961736e-01
1.900000000000000000e+01 2.218162141946968258e-01 9.249162213567612145e-01
1.900000000000000000e+01 2.072115686162337711e-01 9.291730821483561442e-01
1.900000000000000000e+01 1.934794340806652024e-01 9.354225160764423341e-01
1.900000000000000000e+01 1.853530405762672251e-01 9.380490897563626973e-01
1.900000000000000000e+01 1.771078305246494566e-01 9.457476677837152179e-01
1.900000000000000000e+01 1.702410379600277357e-01 9.482836699574314077e-01
1.900000000000000000e+01 1.663752735303969388e-01 9.486459559822479903e-01
1.900000000000000000e+01 1.607958601383498443e-01 9.505479576125350771e-01
1.900000000000000000e+01 1.642720935605773702e-01 9.479213839326148250e-01
1.900000000000000000e+01 1.569630867964233456e-01 9.513631011683724159e-01
1.900000000000000000e+01 1.545182031136377865e-01 9.524499592428221639e-01
1.900000000000000000e+01 1.535179758073300649e-01 9.538085318358844322e-01
1.900000000000000000e+01 1.543698436745427616e-01 9.531745312924554403e-01
2.000000000000000000e+01 3.378014588226598836e-01 8.961144823838420592e-01
2.000000000000000000e+01 2.534639218205497757e-01 9.152250701929173227e-01
2.000000000000000000e+01 2.266666303586981346e-01 9.215650756272076860e-01
2.000000000000000000e+01 2.096927887288679571e-01 9.284485100987229789e-01
2.000000000000000000e+01 1.981368263566671006e-01 9.321619418530929790e-01
2.000000000000000000e+01 1.922029807226527387e-01 9.373245177067294209e-01
2.000000000000000000e+01 1.802854754197376064e-01 9.457476677837152179e-01
2.000000000000000000e+01 1.714561333740970694e-01 9.478308124264106516e-01
2.000000000000000000e+01 1.698692517296418736e-01 9.461099538085318006e-01
2.000000000000000000e+01 1.670953618895313075e-01 9.469250973643691394e-01
2.000000000000000000e+01 1.666869155153709592e-01 9.481930984512272342e-01
2.000000000000000000e+01 1.657452012252754736e-01 9.480119554388189984e-01
2.000000000000000000e+01 1.613395650589719843e-01 9.500951000815143210e-01
2.000000000000000000e+01 1.610440694176863419e-01 9.510008151435558332e-01
2.000000000000000000e+01 1.585268761342706334e-01 9.520876732180055813e-01
2.100000000000000000e+01 3.199614608506947677e-01 9.037224889049905174e-01
2.100000000000000000e+01 2.499004892486070550e-01 9.202065030341454177e-01
2.100000000000000000e+01 2.222493506906948468e-01 9.258219364188026157e-01
2.100000000000000000e+01 2.088644330816072092e-01 9.266370799746399545e-01
2.100000000000000000e+01 2.050177304576678572e-01 9.249162213567612145e-01
2.100000000000000000e+01 1.907607254036149391e-01 9.415813784983244616e-01
2.100000000000000000e+01 1.856372652382959343e-01 9.411285209673037055e-01
2.100000000000000000e+01 1.807230247009052604e-01 9.433928086224073750e-01
2.100000000000000000e+01 1.729308240048672840e-01 9.456570962775110445e-01
2.100000000000000000e+01 1.715282485825792846e-01 9.471062403767774862e-01
2.100000000000000000e+01 1.687834259344549726e-01 9.471968118829816596e-01
2.100000000000000000e+01 1.674694426341469811e-01 9.475590979077982423e-01
2.100000000000000000e+01 1.626588518878207268e-01 9.498233855629019118e-01
2.100000000000000000e+01 1.642043205580181464e-01 9.483742414636355811e-01
2.100000000000000000e+01 1.596994673552864508e-01 9.517253871931889986e-01
2.200000000000000000e+01 3.569613073676783377e-01 8.895027624309391756e-01
2.200000000000000000e+01 2.705188751987224194e-01 9.159496422425504880e-01
2.200000000000000000e+01 2.444308201622970855e-01 9.230142197264740167e-01
2.200000000000000000e+01 2.390817559381210600e-01 9.225613621954532606e-01
2.200000000000000000e+01 2.101174739283289405e-01 9.322525133592971525e-01
2.200000000000000000e+01 2.433077642978327959e-01 9.114210669323430380e-01
2.200000000000000000e+01 1.999538842024472796e-01 9.309845122724390576e-01
2.200000000000000000e+01 1.956395055517934911e-01 9.360565166198714371e-01
2.200000000000000000e+01 1.955422509487507454e-01 9.340639434833801769e-01
2.200000000000000000e+01 1.999851473267952040e-01 9.342450864957884127e-01
2.200000000000000000e+01 1.965358683927342920e-01 9.334299429399510739e-01
2.200000000000000000e+01 1.820075488898476312e-01 9.410379494610995321e-01
2.200000000000000000e+01 1.774734331257795117e-01 9.429399510913866189e-01
2.200000000000000000e+01 1.801118927555110938e-01 9.410379494610995321e-01
2.200000000000000000e+01 1.655644098188144842e-01 9.471968118829816596e-01
2.300000000000000000e+01 3.345244734983348067e-01 9.012770582374785011e-01
2.300000000000000000e+01 2.558032421957658342e-01 9.180327868852459217e-01
2.300000000000000000e+01 2.210810085571812966e-01 9.264559369622317186e-01
2.300000000000000000e+01 2.085539498968980165e-01 9.261842224436191984e-01
2.300000000000000000e+01 2.022379032860334436e-01 9.301693687166017188e-01
2.300000000000000000e+01 1.986354179604279679e-01 9.272710805180690574e-01
2.300000000000000000e+01 1.932890537167298861e-01 9.320713703468889166e-01
2.300000000000000000e+01 1.882129028874384435e-01 9.351508015578299249e-01
2.300000000000000000e+01 1.799377070469843909e-01 9.435739516348157219e-01
2.300000000000000000e+01 1.843645695943589291e-01 9.394076623494248546e-01
2.300000000000000000e+01 1.693547761478145508e-01 9.477402409202064781e-01
2.300000000000000000e+01 1.708198613665908583e-01 9.458382392899193913e-01
2.300000000000000000e+01 1.697084194908666244e-01 9.460193823023277382e-01
2.300000000000000000e+01 1.666841344390918578e-01 9.464722398333483833e-01
2.300000000000000000e+01 1.617597543691445816e-01 9.497328140566977384e-01
2.400000000000000000e+01 3.226180693545973033e-01 8.993750566071914143e-01
2.400000000000000000e+01 2.584388516835542937e-01 9.174893578480209921e-01
2.400000000000000000e+01 2.262657595995101467e-01 9.257313649125984423e-01
2.400000000000000000e+01 2.170007185466755473e-01 9.266370799746399545e-01
2.400000000000000000e+01 2.062448814596994084e-01 9.270899375056607106e-01
2.400000000000000000e+01 2.017543336200374737e-01 9.265465084684357810e-01
2.400000000000000000e+01 1.952235424745922543e-01 9.341545149895842393e-01
2.400000000000000000e+01 1.881209415918415340e-01 9.430305225975907923e-01
2.400000000000000000e+01 1.853176582668541184e-01 9.414908069921202882e-01
2.400000000000000000e+01 1.790460445260144140e-01 9.440268091658364780e-01
2.400000000000000000e+01 1.746109382619681072e-01 9.453853817588986352e-01
2.400000000000000000e+01 1.704726582845315086e-01 9.473779548953898955e-01
2.400000000000000000e+01 1.662678037258318031e-01 9.484648129698396435e-01
2.400000000000000000e+01 1.632995577602638915e-01 9.488270989946562262e-01
2.400000000000000000e+01 1.627680989621659580e-01 9.530839597862512669e-01
2.500000000000000000e+01 3.391081923678169741e-01 8.991939135947830675e-01
2.500000000000000000e+01 2.498208632847827293e-01 9.218367901458200953e-01
2.500000000000000000e+01 2.206067525584525235e-01 9.282673670863146320e-01
2.500000000000000000e+01 2.066918788598469947e-01 9.300787972103976564e-01
2.500000000000000000e+01 1.998779613427461299e-01 9.302599402228058922e-01
2.500000000000000000e+01 1.956453547585327024e-01 9.366905171633004290e-01
2.500000000000000000e+01 1.871761768131622594e-01 9.400416628928539575e-01
2.500000000000000000e+01 1.825102821036057865e-01 9.414002354859161148e-01
2.500000000000000000e+01 1.783788711688811257e-01 9.463816683271443209e-01
2.500000000000000000e+01 1.714781999615608288e-01 9.478308124264106516e-01
2.500000000000000000e+01 1.702648974156913964e-01 9.461099538085318006e-01
2.500000000000000000e+01 1.662277762842106488e-01 9.486459559822479903e-01
2.500000000000000000e+01 1.606230535078068955e-01 9.509102436373516598e-01
2.500000000000000000e+01 1.570781984230307515e-01 9.539896748482927791e-01
2.500000000000000000e+01 1.569907042129668751e-01 9.541708178607010149e-01
2.600000000000000000e+01 3.172911495485096212e-01 9.028167738429490052e-01
2.600000000000000000e+01 2.446658755722354583e-01 9.214745041210035126e-01
2.600000000000000000e+01 2.217166174829600100e-01 9.255502219001902064e-01
2.600000000000000000e+01 2.044938358820774238e-01 9.282673670863146320e-01
2.600000000000000000e+01 1.962001642840177362e-01 9.320713703468889166e-01
2.600000000000000000e+01 1.901777789708490596e-01 9.388642333122000361e-01
2.600000000000000000e+01 1.844706677428406272e-01 9.442079521782447138e-01
2.600000000000000000e+01 1.748839564748573272e-01 9.481930984512272342e-01
2.600000000000000000e+01 1.690366066192357519e-01 9.490988135132687464e-01
2.600000000000000000e+01 1.698082056720256194e-01 9.475590979077982423e-01
2.600000000000000000e+01 1.629959723536478222e-01 9.510008151435558332e-01
2.600000000000000000e+01 1.618141876065960494e-01 9.529028167738429200e-01
2.600000000000000000e+01 1.589936812043833692e-01 9.527216737614346842e-01
2.600000000000000000e+01 1.553030791993429693e-01 9.548048184041300068e-01
2.600000000000000000e+01 1.609057774898153270e-01 9.483742414636355811e-01
2.700000000000000000e+01 3.316605850892258012e-01 8.996467711258038236e-01
2.700000000000000000e+01 2.599443374592518285e-01 9.161307852549588349e-01
2.700000000000000000e+01 2.305408936470304815e-01 9.243727923195362850e-01
2.700000000000000000e+01 2.161758572961325342e-01 9.256407934063943799e-01
2.700000000000000000e+01 2.066900627238788257e-01 9.266370799746399545e-01
2.700000000000000000e+01 2.055367148398238031e-01 9.224707906892491982e-01
2.700000000000000000e+01 1.933529466772215821e-01 9.302599402228058922e-01
2.700000000000000000e+01 1.880500901306203232e-01 9.383208042749751066e-01
2.700000000000000000e+01 1.791751550546032690e-01 9.437550946472239577e-01
2.700000000000000000e+01 1.764586052671700267e-01 9.460193823023277382e-01
2.700000000000000000e+01 1.690700802781241463e-01 9.481930984512272342e-01
2.700000000000000000e+01 1.632801629024170642e-01 9.521782447242097547e-01
2.700000000000000000e+01 1.605270164106298025e-01 9.516348156869848252e-01
2.700000000000000000e+01 1.610061152515765981e-01 9.510913866497600067e-01
2.700000000000000000e+01 1.556167813637106545e-01 9.551671044289467005e-01
2.800000000000000000e+01 3.524785380642408428e-01 8.980164840141291460e-01
2.800000000000000000e+01 2.578587609366345679e-01 9.173987863418168187e-01
2.800000000000000000e+01 2.299461069591907658e-01 9.232859342450865370e-01
2.800000000000000000e+01 2.138728934739710097e-01 9.266370799746399545e-01
2.800000000000000000e+01 2.061355637879348779e-01 9.260936509374151360e-01
2.800000000000000000e+01 2.016661285395175973e-01 9.265465084684357810e-01
2.800000000000000000e+01 1.946314975343078069e-01 9.347885155330133422e-01
2.800000000000000000e+01 1.892169494404278285e-01 9.393170908432206812e-01
2.800000000000000000e+01 1.832153605881331471e-01 9.426682365727742097e-01
2.800000000000000000e+01 1.790507151455142942e-01 9.450230957340820526e-01
2.800000000000000000e+01 1.781381767351390144e-01 9.443890951906530606e-01
2.800000000000000000e+01 1.747932310595259886e-01 9.451136672402862260e-01
2.800000000000000000e+01 1.693466446906377598e-01 9.479213839326148250e-01
2.800000000000000000e+01 1.696787955460442865e-01 9.460193823023277382e-01
2.800000000000000000e+01 1.681603367634794399e-01 9.464722398333483833e-01
2.900000000000000000e+01 3.293975431116480390e-01 8.933067656915134602e-01
2.900000000000000000e+01 2.492579830597419499e-01 9.165836427859794799e-01
2.900000000000000000e+01 2.309337034005490563e-01 9.189385019472874339e-01
2.900000000000000000e+01 2.184655158774070349e-01 9.220179331582284421e-01
2.900000000000000000e+01 2.069318446076578999e-01 9.267276514808441279e-01
2.900000000000000000e+01 1.960375916086276038e-01 9.359659451136672637e-01
2.900000000000000000e+01 1.917807627914966118e-01 9.379585182501585239e-01
2.900000000000000000e+01 1.829958034344220386e-01 9.426682365727742097e-01
2.900000000000000000e+01 1.791148433636164106e-01 9.423965220541618004e-01
2.900000000000000000e+01 1.724777851149310870e-01 9.473779548953898955e-01
2.900000000000000000e+01 1.752054692900586463e-01 9.433928086224073750e-01
2.900000000000000000e+01 1.684993208238823037e-01 9.469250973643691394e-01
2.900000000000000000e+01 1.829391073030511294e-01 9.379585182501585239e-01
2.900000000000000000e+01 1.615045865454122487e-01 9.505479576125350771e-01
2.900000000000000000e+01 1.630773218007459946e-01 9.494610995380853291e-01
3.000000000000000000e+01 3.245980584749002529e-01 8.991033420885788940e-01
3.000000000000000000e+01 2.392830628650147728e-01 9.230142197264740167e-01
3.000000000000000000e+01 2.151305469656999425e-01 9.273616520242731198e-01
3.000000000000000000e+01 2.063312445080161539e-01 9.283579385925188054e-01
3.000000000000000000e+01 2.032356905388830737e-01 9.265465084684357810e-01
3.000000000000000000e+01 1.997146724390598538e-01 9.268182229870483013e-01
3.000000000000000000e+01 1.922995608608885076e-01 9.340639434833801769e-01
3.000000000000000000e+01 1.833865855348822682e-01 9.442079521782447138e-01
3.000000000000000000e+01 1.756303067451208955e-01 9.480119554388189984e-01
3.000000000000000000e+01 1.692375236774304736e-01 9.502762430939226679e-01
3.000000000000000000e+01 1.633785238367737869e-01 9.513631011683724159e-01
3.000000000000000000e+01 1.624506469071997361e-01 9.518159586993931720e-01
3.000000000000000000e+01 1.585498117045648636e-01 9.531745312924554403e-01
3.000000000000000000e+01 1.576939693743717730e-01 9.518159586993931720e-01
3.000000000000000000e+01 1.560832020603702408e-01 9.535368173172720230e-01
3.100000000000000000e+01 4.230621685041821012e-01 6.829997282854813889e-01
3.100000000000000000e+01 3.872479004611470432e-01 8.427678652295987893e-01
3.100000000000000000e+01 2.460533059043188420e-01 9.241916493071279382e-01
3.100000000000000000e+01 2.185756594405835473e-01 9.282673670863146320e-01
3.100000000000000000e+01 2.101821675745411955e-01 9.286296531111312147e-01
3.100000000000000000e+01 2.009000462935327525e-01 9.309845122724390576e-01
3.100000000000000000e+01 1.987561702583543755e-01 9.309845122724390576e-01
3.100000000000000000e+01 1.960790822109683418e-01 9.350602300516257515e-01
3.100000000000000000e+01 1.811882891983084554e-01 9.450230957340820526e-01
3.100000000000000000e+01 1.786935216760563161e-01 9.447513812154696433e-01
3.100000000000000000e+01 1.794883142229524164e-01 9.442079521782447138e-01
3.100000000000000000e+01 1.726916094256674417e-01 9.466533828457567301e-01
3.100000000000000000e+01 1.709218524986221566e-01 9.463816683271443209e-01
3.100000000000000000e+01 1.748024348836910158e-01 9.451136672402862260e-01
3.100000000000000000e+01 1.663665710433018807e-01 9.481930984512272342e-01
3.200000000000000000e+01 3.235303957613052672e-01 8.993750566071914143e-01
3.200000000000000000e+01 2.465801744448700428e-01 9.213839326147993392e-01
3.200000000000000000e+01 2.287009019486096195e-01 9.221990761706366779e-01
3.200000000000000000e+01 2.107662493248100843e-01 9.262747939498233718e-01
3.200000000000000000e+01 2.021621890337181870e-01 9.283579385925188054e-01
3.200000000000000000e+01 1.947200390960517613e-01 9.330676569151344912e-01
3.200000000000000000e+01 1.914882228460920433e-01 9.363282311384838463e-01
3.200000000000000000e+01 1.881888069605937852e-01 9.387736618059958627e-01
3.200000000000000000e+01 1.808886013470418497e-01 9.449325242278778791e-01
3.200000000000000000e+01 1.795544070354716526e-01 9.432116656099991392e-01
3.200000000000000000e+01 1.749027974572722743e-01 9.462005253147359740e-01
3.200000000000000000e+01 1.700291490688251306e-01 9.481930984512272342e-01
3.200000000000000000e+01 1.706968955026723078e-01 9.462005253147359740e-01
3.200000000000000000e+01 1.666448370709355253e-01 9.484648129698396435e-01
3.200000000000000000e+01 1.659815604131121280e-01 9.471062403767774862e-01
3.300000000000000000e+01 3.403876802766520049e-01 8.973824834707001541e-01
3.300000000000000000e+01 2.480154419769424190e-01 9.214745041210035126e-01
3.300000000000000000e+01 2.206472620717766508e-01 9.266370799746399545e-01
3.300000000000000000e+01 2.100211831192972944e-01 9.288107961235395615e-01
3.300000000000000000e+01 2.058842851226650172e-01 9.289013676297437350e-01
3.300000000000000000e+01 2.004796664468000145e-01 9.279050810614980493e-01
3.300000000000000000e+01 1.954119410639946763e-01 9.306222262476224749e-01
3.300000000000000000e+01 1.837074061254039270e-01 9.425776650665700362e-01
3.300000000000000000e+01 1.824089726370205777e-01 9.411285209673037055e-01
3.300000000000000000e+01 1.799940741984768777e-01 9.426682365727742097e-01
3.300000000000000000e+01 1.744671891391900709e-01 9.442985236844488872e-01
3.300000000000000000e+01 1.699919886837734651e-01 9.466533828457567301e-01
3.300000000000000000e+01 1.670993965215611665e-01 9.470156688705733128e-01
3.300000000000000000e+01 1.652500122339452260e-01 9.468345258581649659e-01
3.300000000000000000e+01 1.599607642301743571e-01 9.514536726745765893e-01
3.400000000000000000e+01 4.184153733441347001e-01 6.972194547595326197e-01
3.400000000000000000e+01 3.933645876164104105e-01 7.855266733085771724e-01
3.400000000000000000e+01 2.458149996562894180e-01 9.231047912326781901e-01
3.400000000000000000e+01 2.159230748766750863e-01 9.289919391359477974e-01
3.400000000000000000e+01 2.056910150833068385e-01 9.308939407662349952e-01
3.400000000000000000e+01 1.927992508804863558e-01 9.344262295081967595e-01
3.400000000000000000e+01 1.876996551443267658e-01 9.361470881260754995e-01
3.400000000000000000e+01 1.818795995414821676e-01 9.428493795851825565e-01
3.400000000000000000e+01 1.795948192987466829e-01 9.434833801286115484e-01
3.400000000000000000e+01 1.725451104358507182e-01 9.476496694140023047e-01
3.400000000000000000e+01 1.738806538828567838e-01 9.451136672402862260e-01
3.400000000000000000e+01 1.697182078511880743e-01 9.468345258581649659e-01
3.400000000000000000e+01 1.655177786343720037e-01 9.470156688705733128e-01
3.400000000000000000e+01 1.637558779721412505e-01 9.496422425504935649e-01
3.400000000000000000e+01 1.614390445744590674e-01 9.509102436373516598e-01
3.500000000000000000e+01 3.295588905722375839e-01 8.992844851009872409e-01
3.500000000000000000e+01 2.567011615230995192e-01 9.183950729100625043e-01
3.500000000000000000e+01 2.211074230643564065e-01 9.260936509374151360e-01
3.500000000000000000e+01 2.030542459434924174e-01 9.286296531111312147e-01
3.500000000000000000e+01 1.947048021815462604e-01 9.322525133592971525e-01
3.500000000000000000e+01 1.871641238996500645e-01 9.412190924735078790e-01
3.500000000000000000e+01 1.796760975090062884e-01 9.452948102526944618e-01
3.500000000000000000e+01 1.778051438109382876e-01 9.441173806720405404e-01
3.500000000000000000e+01 1.709974414639487961e-01 9.486459559822479903e-01
3.500000000000000000e+01 1.651635923040467302e-01 9.505479576125350771e-01
3.500000000000000000e+01 1.644928566308530571e-01 9.487365274884521638e-01
3.500000000000000000e+01 1.633718426148517422e-01 9.489176705008603996e-01
3.500000000000000000e+01 1.619908789508970604e-01 9.504573861063309037e-01
3.500000000000000000e+01 1.608254150009111594e-01 9.505479576125350771e-01
3.500000000000000000e+01 1.585639746695247931e-01 9.512725296621682425e-01
3.600000000000000000e+01 3.157956122770353979e-01 8.979259125079249726e-01
3.600000000000000000e+01 2.483605709699869268e-01 9.188479304410832604e-01
3.600000000000000000e+01 2.117601122131367586e-01 9.302599402228058922e-01
3.600000000000000000e+01 1.962095964998544217e-01 9.318902273344805698e-01
3.600000000000000000e+01 1.872232075820554897e-01 9.371433746943211851e-01
3.600000000000000000e+01 1.827019962059295011e-01 9.418530930169368709e-01
3.600000000000000000e+01 1.747672450176712411e-01 9.463816683271443209e-01
3.600000000000000000e+01 1.735781796679274902e-01 9.449325242278778791e-01
3.600000000000000000e+01 1.757050708020694296e-01 9.433022371162032016e-01
3.600000000000000000e+01 1.641351439059388073e-01 9.497328140566977384e-01
3.600000000000000000e+01 1.625026713414280954e-01 9.512725296621682425e-01
3.600000000000000000e+01 1.627109003640098417e-01 9.489176705008603996e-01
3.600000000000000000e+01 1.570253593353011512e-01 9.514536726745765893e-01
3.600000000000000000e+01 1.561205672420838686e-01 9.521782447242097547e-01
3.600000000000000000e+01 1.545205007343913861e-01 9.521782447242097547e-01
3.700000000000000000e+01 3.392279653115394811e-01 8.973824834707001541e-01
3.700000000000000000e+01 2.620546965607388201e-01 9.143193551308758105e-01
3.700000000000000000e+01 2.304502777993890361e-01 9.243727923195362850e-01
3.700000000000000000e+01 2.240135900771001443e-01 9.221085046644326155e-01
3.700000000000000000e+01 2.072119707056976345e-01 9.250973643691694503e-01
3.700000000000000000e+01 1.995329492340027489e-01 9.242822208133321116e-01
3.700000000000000000e+01 1.973540778841902932e-01 9.298976541979893096e-01
3.700000000000000000e+01 1.857242696372646551e-01 9.419436645231410443e-01
3.700000000000000000e+01 1.791580904819524978e-01 9.448419527216738167e-01
3.700000000000000000e+01 1.730680768956811277e-01 9.490988135132687464e-01
3.700000000000000000e+01 1.685439309846705758e-01 9.482836699574314077e-01
3.700000000000000000e+01 1.657440773682498369e-01 9.488270989946562262e-01
3.700000000000000000e+01 1.623089045165691524e-01 9.507291006249434240e-01
3.700000000000000000e+01 1.621369332717937928e-01 9.490988135132687464e-01
3.700000000000000000e+01 1.605442243827742699e-01 9.513631011683724159e-01
3.800000000000000000e+01 3.265593078689034701e-01 9.003713431754369889e-01
3.800000000000000000e+01 2.393262980174913901e-01 9.228330767140657809e-01
3.800000000000000000e+01 2.134336500259086666e-01 9.287202246173353881e-01
3.800000000000000000e+01 2.055807566083415194e-01 9.270899375056607106e-01
3.800000000000000000e+01 1.997676150871331713e-01 9.271805090118648840e-01
3.800000000000000000e+01 1.880645377228861159e-01 9.359659451136672637e-01
3.800000000000000000e+01 1.840193460900075573e-01 9.416719500045285240e-01
3.800000000000000000e+01 1.831134506488387437e-01 9.447513812154696433e-01
3.800000000000000000e+01 1.763057094828663907e-01 9.444796666968571230e-01
3.800000000000000000e+01 1.701267797076576604e-01 9.478308124264106516e-01
3.800000000000000000e+01 1.652975812150564161e-01 9.500951000815143210e-01
3.800000000000000000e+01 1.687542486555052290e-01 9.459288107961235648e-01
3.800000000000000000e+01 1.649051483127921547e-01 9.484648129698396435e-01
3.800000000000000000e+01 1.659467294658417136e-01 9.471062403767774862e-01
3.800000000000000000e+01 1.634440306487836558e-01 9.488270989946562262e-01
3.900000000000000000e+01 3.199192702140086775e-01 9.041753464360112735e-01
3.900000000000000000e+01 2.431996516909859518e-01 9.199347885155330085e-01
3.900000000000000000e+01 2.124953104322675201e-01 9.278145095552938759e-01
3.900000000000000000e+01 1.988746906882484788e-01 9.306222262476224749e-01
3.900000000000000000e+01 1.943532704800595423e-01 9.342450864957884127e-01
3.900000000000000000e+01 1.855095598260594891e-01 9.428493795851825565e-01
3.900000000000000000e+01 1.791888428057313576e-01 9.435739516348157219e-01
3.900000000000000000e+01 1.745708738150045791e-01 9.457476677837152179e-01
3.900000000000000000e+01 1.693482390015434158e-01 9.493705280318811557e-01
3.900000000000000000e+01 1.666068577665827388e-01 9.481025269450230608e-01
3.900000000000000000e+01 1.659645528219375055e-01 9.487365274884521638e-01
3.900000000000000000e+01 1.630575519019486774e-01 9.480119554388189984e-01
3.900000000000000000e+01 1.602833390663301327e-01 9.504573861063309037e-01
3.900000000000000000e+01 1.605251071444697974e-01 9.503668146001268413e-01
3.900000000000000000e+01 1.583838335890557503e-01 9.498233855629019118e-01
4.000000000000000000e+01 3.100492080724202015e-01 9.044470609546236828e-01
4.000000000000000000e+01 2.406607599848767653e-01 9.219273616520242687e-01
4.000000000000000000e+01 2.153719342511168089e-01 9.265465084684357810e-01
4.000000000000000000e+01 2.020342389716907605e-01 9.289919391359477974e-01
4.000000000000000000e+01 1.946721540174357612e-01 9.341545149895842393e-01
4.000000000000000000e+01 1.879300247114306099e-01 9.385019472873833424e-01
4.000000000000000000e+01 1.785860452403829068e-01 9.442985236844488872e-01
4.000000000000000000e+01 1.735176968418037646e-01 9.463816683271443209e-01
4.000000000000000000e+01 1.690160683276137055e-01 9.483742414636355811e-01
4.000000000000000000e+01 1.663902171986669509e-01 9.481025269450230608e-01
4.000000000000000000e+01 1.663483001131636774e-01 9.486459559822479903e-01
4.000000000000000000e+01 1.694093960303983959e-01 9.457476677837152179e-01
4.000000000000000000e+01 1.630294719145035931e-01 9.491893850194729199e-01
4.000000000000000000e+01 1.646572655573720900e-01 9.499139570691060852e-01
4.000000000000000000e+01 1.640069185645189331e-01 9.476496694140023047e-01
4.100000000000000000e+01 3.201925764960470433e-01 9.009147722126619184e-01
4.100000000000000000e+01 2.508918533230672376e-01 9.192102164658998431e-01
4.100000000000000000e+01 2.197163555088597064e-01 9.269993659994565371e-01
4.100000000000000000e+01 2.049905321871844099e-01 9.294447966669685535e-01
4.100000000000000000e+01 1.909978219448301151e-01 9.380490897563626973e-01
4.100000000000000000e+01 2.025163335088626115e-01 9.324336563717054993e-01
4.100000000000000000e+01 1.810345689088951604e-01 9.433928086224073750e-01
4.100000000000000000e+01 1.856710182653232011e-01 9.414908069921202882e-01
4.100000000000000000e+01 1.723077131080485991e-01 9.466533828457567301e-01
4.100000000000000000e+01 1.690966837073946127e-01 9.478308124264106516e-01
4.100000000000000000e+01 1.719465418810072199e-01 9.453853817588986352e-01
4.100000000000000000e+01 1.630125554596615622e-01 9.503668146001268413e-01
4.100000000000000000e+01 1.630945869398388870e-01 9.505479576125350771e-01
4.100000000000000000e+01 1.611781594406094809e-01 9.498233855629019118e-01
4.100000000000000000e+01 1.592445758723276816e-01 9.503668146001268413e-01
4.200000000000000000e+01 3.169231978830530094e-01 9.029073453491531787e-01
4.200000000000000000e+01 2.465971074387332818e-01 9.193007879721040165e-01
4.200000000000000000e+01 2.207631880191038287e-01 9.229236482202699543e-01
4.200000000000000000e+01 2.074136608418907235e-01 9.255502219001902064e-01
4.200000000000000000e+01 1.971693185997678288e-01 9.331582284213386647e-01
4.200000000000000000e+01 1.959033074581386091e-01 9.343356580019925861e-01
4.200000000000000000e+01 1.836503458916061982e-01 9.445702382030612965e-01
4.200000000000000000e+01 1.803296335504608050e-01 9.439362376596323045e-01
4.200000000000000000e+01 1.747960354130528859e-01 9.448419527216738167e-01
4.200000000000000000e+01 1.704899575310815929e-01 9.483742414636355811e-01
4.200000000000000000e+01 1.659804021268511953e-01 9.493705280318811557e-01
4.200000000000000000e+01 1.658083559507282645e-01 9.493705280318811557e-01
4.200000000000000000e+01 1.624493414336890262e-01 9.509102436373516598e-01
4.200000000000000000e+01 1.618191019048182966e-01 9.514536726745765893e-01
4.200000000000000000e+01 1.624097523016401201e-01 9.498233855629019118e-01
4.300000000000000000e+01 3.382979834054724022e-01 8.959333393714337124e-01
4.300000000000000000e+01 2.523506527162883151e-01 9.189385019472874339e-01
4.300000000000000000e+01 2.180225661388793534e-01 9.276333665428856401e-01
4.300000000000000000e+01 2.097438831625875466e-01 9.247350783443528677e-01
4.300000000000000000e+01 1.999668351997165305e-01 9.292636536545603176e-01
4.300000000000000000e+01 1.912150188202806356e-01 9.383208042749751066e-01
4.300000000000000000e+01 1.815814529825616752e-01 9.447513812154696433e-01
4.300000000000000000e+01 1.766504503127492576e-01 9.459288107961235648e-01
4.300000000000000000e+01 1.719393161783289714e-01 9.455665247713069821e-01
4.300000000000000000e+01 1.672411178688900102e-01 9.481025269450230608e-01
4.300000000000000000e+01 1.660860550063042174e-01 9.506385291187392506e-01
4.300000000000000000e+01 1.619803423000009956e-01 9.502762430939226679e-01
4.300000000000000000e+01 1.614535872478485568e-01 9.499139570691060852e-01
4.300000000000000000e+01 1.624122218416800267e-01 9.488270989946562262e-01
4.300000000000000000e+01 1.592405375554151459e-01 9.500951000815143210e-01
4.400000000000000000e+01 3.401747947906678116e-01 9.001902001630287531e-01
4.400000000000000000e+01 2.471663083218267887e-01 9.220179331582284421e-01
4.400000000000000000e+01 2.187010678435876154e-01 9.279050810614980493e-01
4.400000000000000000e+01 2.080687834192459784e-01 9.283579385925188054e-01
4.400000000000000000e+01 2.020488388449792061e-01 9.276333665428856401e-01
4.400000000000000000e+01 1.963705995359468215e-01 9.314373698034598137e-01
4.400000000000000000e+01 1.925634326767595716e-01 9.333393714337469005e-01
4.400000000000000000e+01 1.875183911842567552e-01 9.370528031881170117e-01
4.400000000000000000e+01 1.823800374894876120e-01 9.402228059052621933e-01
4.400000000000000000e+01 1.793130558497709470e-01 9.441173806720405404e-01
4.400000000000000000e+01 1.772157384786123557e-01 9.437550946472239577e-01
4.400000000000000000e+01 1.718484676751595996e-01 9.470156688705733128e-01
4.400000000000000000e+01 1.662996971038480931e-01 9.487365274884521638e-01
4.400000000000000000e+01 1.658239924221257822e-01 9.485553844760438169e-01
4.400000000000000000e+01 1.713158706323364144e-01 9.455665247713069821e-01
4.500000000000000000e+01 3.306951522010100897e-01 8.965673399148628153e-01
4.500000000000000000e+01 2.450747512592334199e-01 9.217462186396159218e-01
4.500000000000000000e+01 2.113602921644571198e-01 9.299882257041934830e-01
4.500000000000000000e+01 2.009276172199239707e-01 9.308033692600308218e-01
4.500000000000000000e+01 1.951190669863808180e-01 9.313467982972556403e-01
4.500000000000000000e+01 1.927130561099771044e-01 9.335205144461552473e-01
4.500000000000000000e+01 1.936902324636195771e-01 9.341545149895842393e-01
4.500000000000000000e+01 1.884580241828335279e-01 9.395888053618332014e-01
4.500000000000000000e+01 1.776418993323865270e-01 9.469250973643691394e-01
4.500000000000000000e+01 1.754412730292532197e-01 9.447513812154696433e-01
4.500000000000000000e+01 1.747432199048825630e-01 9.437550946472239577e-01
4.500000000000000000e+01 1.664348743065326708e-01 9.483742414636355811e-01
4.500000000000000000e+01 1.653446185648470290e-01 9.471968118829816596e-01
4.500000000000000000e+01 1.634869088980173135e-01 9.477402409202064781e-01
4.500000000000000000e+01 1.615292317094187136e-01 9.491893850194729199e-01
4.600000000000000000e+01 3.209416082980419138e-01 8.963861969024544685e-01
4.600000000000000000e+01 2.365040379015733718e-01 9.282673670863146320e-01
4.600000000000000000e+01 2.072898645601753687e-01 9.321619418530929790e-01
4.600000000000000000e+01 1.986950868135206882e-01 9.365093741508920822e-01
4.600000000000000000e+01 1.936741160455187905e-01 9.345168010144008219e-01
4.600000000000000000e+01 1.836341036563855222e-01 9.420342360293452177e-01
4.600000000000000000e+01 1.791279678831793620e-01 9.433928086224073750e-01
4.600000000000000000e+01 1.746173955802961808e-01 9.479213839326148250e-01
4.600000000000000000e+01 1.715442355829025489e-01 9.473779548953898955e-01
4.600000000000000000e+01 1.661931665735213448e-01 9.496422425504935649e-01
4.600000000000000000e+01 1.645645626343363865e-01 9.496422425504935649e-01
4.600000000000000000e+01 1.615739070538625977e-01 9.515442441807807628e-01
4.600000000000000000e+01 1.596524489266345492e-01 9.521782447242097547e-01
4.600000000000000000e+01 1.599646453670151292e-01 9.505479576125350771e-01
4.600000000000000000e+01 1.577464517321083837e-01 9.518159586993931720e-01
4.700000000000000000e+01 3.148949359460408992e-01 9.058056335476859511e-01
4.700000000000000000e+01 2.391113188258933431e-01 9.222896476768408514e-01
4.700000000000000000e+01 2.064920042846557224e-01 9.322525133592971525e-01
4.700000000000000000e+01 1.980158015914642022e-01 9.334299429399510739e-01
4.700000000000000000e+01 1.902674303770305053e-01 9.374150892129335944e-01
4.700000000000000000e+01 1.828626512313835106e-01 9.414002354859161148e-01
4.700000000000000000e+01 1.785171733349154022e-01 9.476496694140023047e-01
4.700000000000000000e+01 1.855609743428957015e-01 9.395888053618332014e-01
4.700000000000000000e+01 1.690498019061102142e-01 9.498233855629019118e-01
4.700000000000000000e+01 1.739040291875075528e-01 9.451136672402862260e-01
4.700000000000000000e+01 1.664922426932717858e-01 9.505479576125350771e-01
4.700000000000000000e+01 1.635835838206014525e-01 9.511819581559641801e-01
4.700000000000000000e+01 1.603437697951296814e-01 9.515442441807807628e-01
4.700000000000000000e+01 1.582970194245037210e-01 9.523593877366181015e-01
4.700000000000000000e+01 1.586378633272846062e-01 9.529933882800470935e-01
4.800000000000000000e+01 3.211407846211330464e-01 9.074359206593605176e-01
4.800000000000000000e+01 2.349665326622200623e-01 9.268182229870483013e-01
4.800000000000000000e+01 2.058097763453639595e-01 9.326147993841137351e-01
4.800000000000000000e+01 1.961427539732242264e-01 9.349696585454215780e-01
4.800000000000000000e+01 1.874647734792562470e-01 9.388642333122000361e-01
4.800000000000000000e+01 1.824581053032913458e-01 9.414002354859161148e-01
4.800000000000000000e+01 1.780456702319959950e-01 9.446608097092654699e-01
4.800000000000000000e+01 1.764866003761080548e-01 9.461099538085318006e-01
4.800000000000000000e+01 1.682402565835375285e-01 9.490082420070645730e-01
4.800000000000000000e+01 1.666555965986926124e-01 9.484648129698396435e-01
4.800000000000000000e+01 1.634907198912124715e-01 9.519065302055973454e-01
4.800000000000000000e+01 1.664931358334278688e-01 9.509102436373516598e-01
4.800000000000000000e+01 1.590680638001013836e-01 9.538991033420886057e-01
4.800000000000000000e+01 1.590455638251435933e-01 9.514536726745765893e-01
4.800000000000000000e+01 1.594717177446067224e-01 9.514536726745765893e-01
4.900000000000000000e+01 3.636081287683725072e-01 9.010053437188660919e-01
4.900000000000000000e+01 2.356511671991646795e-01 9.268182229870483013e-01
4.900000000000000000e+01 2.109457059502912180e-01 9.310750837786432310e-01
4.900000000000000000e+01 2.068804363794537193e-01 9.262747939498233718e-01
4.900000000000000000e+01 1.947061949240802559e-01 9.366905171633004290e-01
4.900000000000000000e+01 1.866457983617606786e-01 9.415813784983244616e-01
4.900000000000000000e+01 1.835809901361963592e-01 9.414908069921202882e-01
4.900000000000000000e+01 1.767256453408203032e-01 9.470156688705733128e-01
4.900000000000000000e+01 1.722005240729394260e-01 9.490082420070645730e-01
4.900000000000000000e+01 1.715018706144658400e-01 9.458382392899193913e-01
4.900000000000000000e+01 1.697365020180428008e-01 9.468345258581649659e-01
4.900000000000000000e+01 1.697807462890944530e-01 9.475590979077982423e-01
4.900000000000000000e+01 1.666458011309831511e-01 9.485553844760438169e-01
4.900000000000000000e+01 1.665296201364812045e-01 9.476496694140023047e-01
4.900000000000000000e+01 1.618671283581617493e-01 9.501856715877184945e-01
