0.421511917171 0.880774456522 0.420487054006 0.874151199638
0.378516441529 0.881793478261 0.380287981851 0.871887732005
0.36850884607 0.883265398551 0.371326981149 0.879583521956
0.365006430438 0.88575634058 0.369475148226 0.880941602535
0.361736024547 0.888020833333 0.368025400913 0.880941602535
0.357087267431 0.888586956522 0.363083868431 0.882752376641
0.355255674568 0.890398550725 0.362515584492 0.882752376641
0.352703533877 0.890285326087 0.356919504347 0.889090086012
0.350804430438 0.888926630435 0.355443662099 0.887732005432
0.350397708951 0.891077898551 0.360047053068 0.882299683115
0.346133753035 0.891530797101 0.352740306793 0.889090086012
0.347553258601 0.893795289855 0.355998758289 0.888184698959
0.343685882403 0.893908514493 0.352932773968 0.887279311906
0.344449806507 0.893342391304 0.352890982692 0.886373924853
0.342783712607 0.89356884058 0.352185361788 0.885921231326
0.342182624675 0.891757246377 0.349338549367 0.887279311906
0.34218976477 0.890285326087 0.349707838644 0.887279311906
0.339252942307 0.893002717391 0.347226657771 0.887279311906
0.337784544573 0.894474637681 0.347981946675 0.886373924853
0.338940094878 0.895380434783 0.34994444713 0.887279311906
0.336179122981 0.895720108696 0.346895981451 0.891353553644
0.336612766157 0.895946557971 0.347665173581 0.885921231326
0.337356829237 0.896173007246 0.348840436259 0.889090086012
0.335946451701 0.896059782609 0.348888377233 0.8854685378
0.336374744857 0.895833333333 0.34762212235 0.890448166591
0.336218688962 0.894134963768 0.347866304736 0.890448166591
0.340145440424 0.892436594203 0.351255086376 0.888637392485
0.335545761843 0.890511775362 0.346467712241 0.886373924853
0.338664374555 0.896625905797 0.355691871465 0.883657763694
0.336679070201 0.894927536232 0.349434007053 0.889090086012
0.334787015995 0.892663043478 0.348162211674 0.885015844273
0.331919423473 0.896399456522 0.343899384033 0.891353553644
0.332308274792 0.898324275362 0.34536368241 0.889542779538
0.330574174485 0.898777173913 0.345642821315 0.889090086012
0.331990895845 0.896059782609 0.345967575043 0.890448166591
0.33032209713 0.898663949275 0.346895452516 0.888184698959
0.331276608492 0.897192028986 0.343908524698 0.893617021277
0.327192377304 0.899003623188 0.34221729623 0.886373924853
0.327700339778 0.899003623188 0.343382392825 0.888184698959
0.329013213831 0.897644927536 0.34359841953 0.890900860118
0.32644002468 0.899569746377 0.343637521141 0.890900860118
0.328910213098 0.8984375 0.344554983715 0.890448166591
0.327567101728 0.899230072464 0.344736648247 0.889995473065
0.326727922455 0.901947463768 0.343763969729 0.891353553644
0.326261791168 0.899343297101 0.343464581129 0.890448166591
0.325790619595 0.899796195652 0.344304147863 0.891806247171
0.329238277967 0.897078804348 0.344624164311 0.890900860118
0.323908754966 0.900022644928 0.342685231732 0.891353553644
0.329050762948 0.896173007246 0.345195742469 0.892711634224
0.330114686986 0.89549365942 0.34635071709 0.8854685378
0.417600395058 0.874207427536 0.429129543236 0.870529651426
0.373798010664 0.880548007246 0.386648732604 0.87641466727
0.365370826858 0.883265398551 0.378021191258 0.882299683115
0.361851198021 0.88575634058 0.377818138912 0.881394296062
0.358194943735 0.886775362319 0.373600971031 0.883657763694
0.357087173241 0.88428442029 0.371230831824 0.880036215482
0.359754905421 0.884963768116 0.380044095498 0.882299683115
0.351877994369 0.889492753623 0.372886303963 0.883657763694
0.349383176569 0.889266304348 0.366181444767 0.885921231326
0.350694100723 0.891530797101 0.372883828349 0.888184698959
0.347281424675 0.889379528986 0.368399791888 0.889542779538
0.345620249871 0.890285326087 0.365805371706 0.887732005432
0.345416303957 0.888926630435 0.365057677509 0.883657763694
0.343699112004 0.890964673913 0.368436148671 0.888184698959
0.343200132343 0.890738224638 0.368040414671 0.885015844273
0.340970111755 0.891077898551 0.365333370583 0.886373924853
0.340139075851 0.891757246377 0.365781111852 0.886373924853
0.340552837604 0.891530797101 0.366799154191 0.887279311906
0.341397039799 0.891644021739 0.367865522796 0.881394296062
0.341345900221 0.888134057971 0.365464232834 0.88411045722
0.338782304478 0.891304347826 0.365446131964 0.886826618379
0.337952293075 0.89402173913 0.362136142336 0.887279311906
0.34683208723 0.888926630435 0.371751353925 0.882299683115
0.339547488315 0.891077898551 0.365913131593 0.8854685378
0.336918061389 0.893795289855 0.364746322183 0.889090086012
0.337168811518 0.89356884058 0.363572277757 0.886373924853
0.345969139782 0.88575634058 0.372933696818 0.880488909009
0.33976010753 0.895153985507 0.370452395839 0.888637392485
0.336244503848 0.893795289855 0.364623962294 0.888184698959
0.335720328984 0.893342391304 0.363194518076 0.8854685378
0.338200735556 0.893795289855 0.367084782747 0.885015844273
0.334147911094 0.896059782609 0.36081576421 0.889995473065
0.337270296808 0.891757246377 0.366005455334 0.8854685378
0.33388100023 0.894134963768 0.358861916725 0.890900860118
0.332847535077 0.897644927536 0.362929910305 0.892258940697
0.333928785865 0.894361413043 0.361450196908 0.889542779538
0.345221573263 0.889945652174 0.373604436821 0.882299683115
0.332255528876 0.898663949275 0.360198696874 0.888184698959
0.329551828672 0.898777173913 0.360593802656 0.891806247171
0.332206185875 0.899230072464 0.358845973651 0.891353553644
0.33009778329 0.898324275362 0.359998927846 0.890900860118
0.330224225943 0.896739130435 0.359557650984 0.889995473065
0.33669607968 0.89356884058 0.365032294078 0.886826618379
0.330483536674 0.896399456522 0.361094207911 0.888637392485
0.334286093495 0.895267210145 0.363955559711 0.887732005432
0.32937039233 0.898550724638 0.357881795605 0.891353553644
0.328821839975 0.897644927536 0.359014976187 0.889995473065
0.328057904988 0.898777173913 0.358705225928 0.889995473065
0.33314325023 0.896286231884 0.365273585332 0.889995473065
0.328763368519 0.896739130435 0.356168522522 0.889090086012
0.423069676158 0.870923913043 0.444170134458 0.865097329108
0.370772362625 0.881453804348 0.392387279176 0.880941602535
0.365938118125 0.884624094203 0.385265465871 0.883657763694
0.361290025165 0.885869565217 0.384175974 0.884563150747
0.357184049879 0.885982789855 0.378916158495 0.880488909009
0.361562616499 0.885529891304 0.385232674955 0.885921231326
0.357661622917 0.888020833333 0.386106221556 0.884563150747
0.352142289119 0.889832427536 0.378306016504 0.887732005432
0.350874596501 0.890511775362 0.374266107646 0.885921231326
0.348495256453 0.887115036232 0.376117146036 0.8854685378
0.34722954845 0.891530797101 0.377992454686 0.887732005432
0.346704262902 0.887567934783 0.376700670213 0.882752376641
0.345943511341 0.888134057971 0.376364452404 0.883657763694
0.345167239578 0.888360507246 0.374779980158 0.888184698959
0.344360143605 0.891870471014 0.377219341695 0.887732005432
0.342886672441 0.891304347826 0.375916631191 0.887732005432
0.343253985115 0.888586956522 0.375904313509 0.883205070167
0.343107642297 0.889492753623 0.379057652469 0.884563150747
0.340686277718 0.891417572464 0.374195644879 0.889542779538
0.340183113002 0.88915307971 0.377421028462 0.884563150747
0.337545643642 0.892549818841 0.375612475262 0.888184698959
0.338431587872 0.892549818841 0.374043503691 0.887279311906
0.338176454494 0.893002717391 0.373606896566 0.888637392485
0.337692214667 0.89356884058 0.374005253638 0.887279311906
0.337968832384 0.893115942029 0.381406979291 0.886826618379
0.336745165742 0.890511775362 0.37433862686 0.886373924853
0.33806263973 0.89209692029 0.377993877547 0.887732005432
0.336311581277 0.890398550725 0.373909578665 0.885921231326
0.334877628629 0.893342391304 0.376606712098 0.886373924853
0.336286093654 0.895833333333 0.374754642436 0.889090086012
0.335542761335 0.895946557971 0.378461778242 0.888637392485
0.334741557555 0.892436594203 0.379948371345 0.887279311906
0.333754061355 0.893342391304 0.380608072427 0.889542779538
0.334608271039 0.894701086957 0.380869484752 0.890448166591
0.332652196496 0.892549818841 0.374835437997 0.888184698959
0.331545832201 0.894927536232 0.373818857247 0.888637392485
0.330144713858 0.895833333333 0.37422800211 0.888637392485
0.330586543802 0.897192028986 0.378940028647 0.886826618379
0.334133935597 0.900475543478 0.374390118866 0.888184698959
0.330021788313 0.893342391304 0.374918270709 0.889090086012
0.32987124862 0.897984601449 0.379525035066 0.888637392485
0.328225404311 0.898097826087 0.372157433969 0.889542779538
0.329448024948 0.893229166667 0.375247607606 0.883657763694
0.330407472664 0.891191123188 0.377298767461 0.884563150747
0.329146462541 0.891983695652 0.376688566185 0.8854685378
0.327214195425 0.897758152174 0.374899124959 0.888184698959
0.326008896579 0.901607789855 0.376587064051 0.889542779538
0.332583300554 0.889039855072 0.379527885964 0.88411045722
0.330173266884 0.892889492754 0.380139295898 0.886373924853
0.331682244338 0.891530797101 0.383078206975 0.886826618379
0.414326314773 0.871829710145 0.410187015827 0.87777274785
0.38884392571 0.872622282609 0.383398531006 0.879130828429
0.370271491611 0.883718297101 0.366543557581 0.887279311906
0.367490081731 0.882019927536 0.364936688269 0.886373924853
0.36054243629 0.887341485507 0.361715978554 0.889995473065
0.356927046501 0.889379528986 0.358737475115 0.888637392485
0.353752242659 0.888020833333 0.357652162326 0.887732005432
0.35095475872 0.889832427536 0.35670138087 0.891353553644
0.350110877608 0.890964673913 0.356910725403 0.889090086012
0.347099072341 0.890625 0.354047357596 0.891806247171
0.346455305272 0.891870471014 0.35439912845 0.888184698959
0.345669540738 0.890511775362 0.353902560587 0.889995473065
0.343602360678 0.892663043478 0.352504410035 0.889995473065
0.345013571304 0.888134057971 0.35170846182 0.888637392485
0.343685244211 0.892436594203 0.354294320886 0.892258940697
0.34376807611 0.893682065217 0.357287188257 0.890900860118
0.341639974329 0.89402173913 0.3552678253 0.893617021277
0.340528976002 0.892889492754 0.351446739599 0.892258940697
0.34082126348 0.895153985507 0.354204555708 0.891353553644
0.342846238717 0.891870471014 0.355244525773 0.89316432775
0.338785184198 0.89402173913 0.355091097351 0.890900860118
0.34164680774 0.891304347826 0.355246201214 0.887732005432
0.338861331399 0.891417572464 0.351454040976 0.892711634224
0.337869503682 0.890058876812 0.351374943289 0.890900860118
0.341925842116 0.887454710145 0.356488697333 0.888184698959
0.334249858322 0.895267210145 0.351787138864 0.892258940697
0.336700156615 0.891304347826 0.354161484199 0.889542779538
0.333998931857 0.894587862319 0.352255308654 0.892711634224
0.338448501067 0.890058876812 0.353215641744 0.890448166591
0.336529161754 0.89356884058 0.354194291411 0.892711634224
0.33414511888 0.893908514493 0.353278131041 0.892258940697
0.331524734221 0.895380434783 0.3503181747 0.894975101856
0.332254973448 0.897305253623 0.35420713766 0.892258940697
0.331472141488 0.895833333333 0.352549604722 0.892711634224
0.332431798937 0.895833333333 0.354476466168 0.891806247171
0.336590153068 0.895720108696 0.3611365165 0.893617021277
0.32994742707 0.897192028986 0.351456404723 0.891353553644
0.328534321997 0.898890398551 0.350246978161 0.895427795383
0.334066092651 0.89504076087 0.356010005439 0.889995473065
0.328246787321 0.894701086957 0.352640384312 0.891806247171
0.333697079171 0.890625 0.353824439329 0.888637392485
0.326941374298 0.898663949275 0.352845084089 0.894975101856
0.327972560079 0.898097826087 0.352517116547 0.889542779538
0.337549071399 0.888926630435 0.358890082155 0.887732005432
0.32528346469 0.900588768116 0.353510860514 0.897691263015
0.330693795232 0.894814311594 0.355211547835 0.895427795383
0.328525310254 0.899682971014 0.357023095053 0.894975101856
0.329343267627 0.894814311594 0.353595015793 0.894069714803
0.328796240371 0.896173007246 0.353213240964 0.89316432775
0.324200646697 0.901494565217 0.35445898257 0.89316432775
0.412147293229 0.873414855072 0.409197385132 0.870529651426
0.373602851232 0.883718297101 0.375077541472 0.875961973744
0.363794780576 0.886435688406 0.369711336123 0.875961973744
0.362472216735 0.88575634058 0.368463862454 0.878225441376
0.362000362786 0.886888586957 0.367301483825 0.878225441376
0.351813879332 0.890172101449 0.360461611082 0.873698506111
0.351413343287 0.890851449275 0.361046879078 0.876867360797
0.351199965165 0.892436594203 0.361970281674 0.879583521956
0.349310887303 0.887001811594 0.359404072983 0.871887732005
0.348765112889 0.889719202899 0.363764891876 0.874603893164
0.344339432353 0.894474637681 0.358869839539 0.881394296062
0.341130500556 0.89549365942 0.357198832612 0.879130828429
0.344039283973 0.89209692029 0.355859403842 0.874603893164
0.339232340536 0.895153985507 0.356807896917 0.880941602535
0.342280044906 0.89356884058 0.361307830219 0.882752376641
0.338089335557 0.896512681159 0.357152087647 0.881394296062
0.33751670865 0.897984601449 0.358843101311 0.882752376641
0.337992656275 0.89549365942 0.35761342772 0.87641466727
0.337191510607 0.896512681159 0.358944185907 0.881394296062
0.336490664858 0.894248188406 0.355903426436 0.874151199638
0.334513145543 0.897644927536 0.358778654355 0.887279311906
0.334437309312 0.897644927536 0.354948363873 0.87777274785
0.334129274765 0.89696557971 0.363229468489 0.879130828429
0.334605136304 0.895153985507 0.35926438107 0.875509280217
0.332971434424 0.896852355072 0.357128206551 0.880488909009
0.335694159026 0.895267210145 0.359638724847 0.87641466727
0.333441421533 0.897305253623 0.363650039339 0.882752376641
0.332577368205 0.897305253623 0.355998515062 0.880036215482
0.332542649019 0.896625905797 0.358378787397 0.881394296062
0.333309775704 0.896512681159 0.353578683011 0.87641466727
0.3317205912 0.897078804348 0.358027700925 0.880941602535
0.330727874807 0.898777173913 0.356765184215 0.880941602535
0.332735245156 0.899343297101 0.362214254296 0.886373924853
0.336443825432 0.895606884058 0.36200378864 0.878678134903
0.333486988934 0.893908514493 0.358047729948 0.878678134903
0.331431384538 0.89696557971 0.354768236641 0.879130828429
0.32871981076 0.89990942029 0.358556062796 0.884563150747
0.328715944345 0.900135869565 0.358513857418 0.882299683115
0.329004350035 0.896852355072 0.355241680625 0.878225441376
0.327511798697 0.899682971014 0.356261565515 0.879583521956
0.330136821421 0.898890398551 0.356062217699 0.881394296062
0.328636098457 0.898550724638 0.357113830911 0.881394296062
0.325919188817 0.901154891304 0.354839408082 0.886373924853
0.328648382265 0.899003623188 0.356417927673 0.880488909009
0.327636159817 0.89990942029 0.355411004882 0.880488909009
0.327178897316 0.898550724638 0.357217507308 0.881846989588
0.327801274754 0.897418478261 0.355325677059 0.87641466727
0.329999534683 0.893682065217 0.356021790049 0.87641466727
0.33406494374 0.893342391304 0.356860574086 0.879130828429
0.329655201675 0.897531702899 0.355905863165 0.882752376641
0.420781305202 0.870810688406 0.429769369118 0.859212313264
0.372438471324 0.882699275362 0.388908414397 0.870529651426
0.371350164255 0.87794384058 0.391063886745 0.86102308737
0.365480421382 0.885303442029 0.388056234131 0.867813490267
0.36275926357 0.887001811594 0.383855547165 0.878225441376
0.358699628642 0.88575634058 0.378765184332 0.8700769579
0.3588580134 0.884397644928 0.377961421209 0.867360796741
0.358657719019 0.885190217391 0.378999402368 0.870982344952
0.353725046301 0.887115036232 0.375813999989 0.873245812585
0.35432012741 0.888926630435 0.379748377575 0.878225441376
0.35144765209 0.888700181159 0.374368757183 0.874151199638
0.350978477374 0.888813405797 0.375407350742 0.873698506111
0.350618709195 0.887794384058 0.374254558837 0.871887732005
0.353417295926 0.886322463768 0.37646948579 0.874603893164
0.348898953869 0.892549818841 0.374094179559 0.878225441376
0.347886278439 0.890398550725 0.373451789432 0.873245812585
0.352806807338 0.884171195652 0.379054802888 0.866455409688
0.348797975125 0.890398550725 0.372426522434 0.871435038479
0.347960946462 0.888360507246 0.371971742138 0.873245812585
0.345019376305 0.891870471014 0.373279321608 0.875509280217
0.345496848543 0.892776268116 0.372342545867 0.877320054323
0.348559076663 0.887907608696 0.379589786893 0.870982344952
0.34533146555 0.888926630435 0.373514551755 0.873698506111
0.344369864212 0.889945652174 0.372293145556 0.873698506111
0.345539535189 0.891530797101 0.371472341904 0.874151199638
0.343214642363 0.891644021739 0.369903475578 0.872340425532
0.351979091528 0.882359601449 0.38180871925 0.866455409688
0.34235070933 0.895153985507 0.369590707781 0.876867360797
0.341094745348 0.893795289855 0.370858172978 0.87777274785
0.340379469278 0.890511775362 0.370449187395 0.873698506111
0.345118581906 0.886775362319 0.379424461855 0.8700769579
0.339319879243 0.89209692029 0.371547733679 0.874603893164
0.343154118391 0.891304347826 0.37112319624 0.872793119058
0.341377231611 0.888586956522 0.371267553643 0.869624264373
0.338295164393 0.891757246377 0.371757214687 0.874151199638
0.336905628041 0.89356884058 0.372433472471 0.874603893164
0.336378467733 0.892436594203 0.371684202862 0.875961973744
0.341536160688 0.888700181159 0.374129126007 0.874151199638
0.335107013558 0.895720108696 0.37256497832 0.878678134903
0.342433557981 0.885303442029 0.37793102489 0.864644635582
0.339727982948 0.891644021739 0.380105209783 0.871887732005
0.337230506502 0.891644021739 0.372705357237 0.870529651426
0.33815081244 0.891077898551 0.373048438693 0.875056586691
0.33203987628 0.896512681159 0.371137934931 0.879130828429
0.341135817813 0.888020833333 0.378274938496 0.869624264373
0.335394155109 0.892549818841 0.374339645119 0.876867360797
0.335639744534 0.892663043478 0.371810954886 0.873698506111
0.332523297188 0.894701086957 0.3724398411 0.87777274785
0.336354619059 0.893455615942 0.375396346423 0.874151199638
0.33617446811 0.891644021739 0.371641796874 0.875056586691
0.414591615406 0.878849637681 0.407640279807 0.87641466727
0.37465252839 0.878962862319 0.367153718924 0.883657763694
0.369678392351 0.881680253623 0.362774199907 0.883205070167
0.365635342211 0.884737318841 0.358794957721 0.88411045722
0.363549877273 0.882699275362 0.357152049993 0.886826618379
0.358510386146 0.886662137681 0.352368298915 0.889542779538
0.360669612786 0.886888586957 0.354937942873 0.888184698959
0.355959927537 0.886888586957 0.349798696926 0.890900860118
0.354114151838 0.890172101449 0.355579994941 0.888637392485
0.351555470444 0.885982789855 0.347881654875 0.892258940697
0.349488585569 0.887341485507 0.346170196121 0.891806247171
0.348109111003 0.890172101449 0.346831924839 0.892711634224
0.347352448687 0.892323369565 0.349018164175 0.891806247171
0.346284333145 0.891870471014 0.347156787974 0.890448166591
0.346640092901 0.888813405797 0.343834089723 0.892258940697
0.345809785482 0.889719202899 0.344224109545 0.89316432775
0.345187249121 0.891191123188 0.345010670275 0.894069714803
0.342810354899 0.890851449275 0.343672999948 0.895427795383
0.341958554956 0.893002717391 0.343439487462 0.894975101856
0.342376190838 0.890172101449 0.342669429782 0.89452240833
0.342400619606 0.892889492754 0.34483304109 0.889090086012
0.340723765752 0.892323369565 0.342404841566 0.895427795383
0.340265507206 0.892436594203 0.342019280871 0.896333182435
0.341859764549 0.895267210145 0.344759876101 0.895427795383
0.342060460202 0.890851449275 0.342507022642 0.889995473065
0.342208658193 0.890625 0.341594459774 0.895880488909
0.34864848243 0.890964673913 0.348664686562 0.895880488909
0.348518747082 0.888473731884 0.347108653087 0.889542779538
0.346312569392 0.889832427536 0.346076915581 0.894975101856
0.345880507651 0.890625 0.346288305342 0.895427795383
0.336872494674 0.892776268116 0.340764442347 0.896333182435
0.336431507981 0.894134963768 0.340031340916 0.897238569488
0.339594856793 0.893342391304 0.342719731053 0.898596650068
0.3357417308 0.895946557971 0.340878879302 0.896785875962
0.334574608734 0.896512681159 0.340170482993 0.895427795383
0.336136563515 0.896286231884 0.341070377571 0.896785875962
0.335420616726 0.89504076087 0.341189227171 0.896785875962
0.334742588519 0.897192028986 0.341865615118 0.896785875962
0.335387388678 0.89356884058 0.340443176098 0.892711634224
0.3354878953 0.892889492754 0.340615340045 0.893617021277
0.347790548734 0.890285326087 0.351818467113 0.894975101856
0.338851735146 0.890738224638 0.342428920947 0.887279311906
0.336706220318 0.894248188406 0.342710383346 0.897238569488
0.332522667512 0.896059782609 0.339715036835 0.897238569488
0.33425936868 0.895267210145 0.339930284718 0.89316432775
0.334754821433 0.894474637681 0.341452104533 0.898596650068
0.333999108514 0.894134963768 0.340890748515 0.891806247171
0.336632817724 0.892889492754 0.343345078386 0.890900860118
0.33135235656 0.896173007246 0.339615335347 0.894069714803
0.332150689638 0.899003623188 0.341961675163 0.89452240833
0.419344987785 0.871376811594 0.444029344553 0.865097329108
0.367048341684 0.884737318841 0.39920781408 0.872340425532
0.360895228112 0.886775362319 0.393805847216 0.874151199638
0.360311917752 0.888247282609 0.399026905167 0.875056586691
0.353680263401 0.888360507246 0.387515251462 0.875056586691
0.352299200298 0.891077898551 0.386329450114 0.879130828429
0.349698176714 0.890058876812 0.389325444122 0.875056586691
0.347301224746 0.890398550725 0.385598900369 0.882299683115
0.349918341403 0.89209692029 0.395317771257 0.87641466727
0.342550989535 0.89209692029 0.384484022251 0.880036215482
0.346641657686 0.892436594203 0.383340983181 0.881846989588
0.341745155902 0.892776268116 0.381275379453 0.881846989588
0.344928830282 0.891530797101 0.38973598863 0.879583521956
0.33938080164 0.896173007246 0.379880682841 0.883657763694
0.338009275542 0.896286231884 0.3810254007 0.879583521956
0.336770285764 0.896512681159 0.379995370908 0.882299683115
0.341435677575 0.890285326087 0.387248971817 0.875961973744
0.335111612862 0.896399456522 0.377040273163 0.880036215482
0.333891137441 0.897644927536 0.379318922364 0.880488909009
0.333578403385 0.896739130435 0.378793939368 0.880036215482
0.334385418587 0.89549365942 0.381146946363 0.881846989588
0.333083916428 0.89696557971 0.381551465304 0.880941602535
0.333346874547 0.896399456522 0.380118954546 0.879583521956
0.331841349825 0.89696557971 0.379567747328 0.880488909009
0.331271467177 0.897871376812 0.374478316854 0.882752376641
0.329456739267 0.899116847826 0.377086303742 0.880941602535
0.332077859706 0.897644927536 0.379574842263 0.881846989588
0.328596001581 0.897871376812 0.376839370433 0.880488909009
0.330526127312 0.895720108696 0.378906733217 0.880036215482
0.334390837942 0.892549818841 0.381282913458 0.873245812585
0.326939674254 0.899796195652 0.375881637296 0.880488909009
0.328148663769 0.898097826087 0.37694951804 0.87777274785
0.326891852398 0.899569746377 0.376726276619 0.883205070167
0.327539709444 0.900475543478 0.378567094239 0.880488909009
0.326663954376 0.897192028986 0.375090568665 0.87777274785
0.327590827081 0.898890398551 0.379635270792 0.881846989588
0.328650157258 0.89549365942 0.379414336022 0.878678134903
0.338753248394 0.889039855072 0.390526276078 0.871435038479
0.32156002449 0.904098731884 0.371574919911 0.881394296062
0.322815807141 0.902513586957 0.374433837016 0.882299683115
0.323520228791 0.901268115942 0.372950784183 0.883205070167
0.320939751747 0.902513586957 0.372219483216 0.882752376641
0.325235402759 0.898097826087 0.376427720625 0.877320054323
0.322517254971 0.900815217391 0.376962938255 0.879583521956
0.325721112849 0.898777173913 0.375096106918 0.878225441376
0.325755764869 0.898550724638 0.376050121101 0.877320054323
0.320722258397 0.901154891304 0.372210913705 0.879583521956
0.324016365132 0.897078804348 0.373546414657 0.879583521956
0.32288544504 0.901041666667 0.370264977223 0.87777274785
0.319054325639 0.903192934783 0.370823985385 0.883657763694
0.418080936035 0.874320652174 0.412014136932 0.889542779538
0.377226532035 0.878623188406 0.371606699891 0.887732005432
0.370230858924 0.883378623188 0.369052655424 0.891353553644
0.364388271267 0.884850543478 0.361385552446 0.89452240833
0.360900322244 0.885303442029 0.361706449435 0.893617021277
0.358219615951 0.886888586957 0.357043699609 0.894069714803
0.353194946956 0.88915307971 0.355908317206 0.896333182435
0.350839872066 0.889605978261 0.355543357015 0.895880488909
0.349998511585 0.888926630435 0.356123671246 0.896785875962
0.350398908913 0.890058876812 0.358933437835 0.89452240833
0.346858440392 0.888586956522 0.352008975034 0.898143956541
0.345289856578 0.889039855072 0.353128305326 0.899049343594
0.344190319311 0.891983695652 0.354661767298 0.898596650068
0.343641475093 0.892210144928 0.354379963799 0.898596650068
0.341971868779 0.891644021739 0.352332301659 0.900407424174
0.349594595298 0.891644021739 0.363706368506 0.897238569488
0.341765023184 0.890738224638 0.353828130679 0.897691263015
0.340078198003 0.892323369565 0.352674842144 0.898596650068
0.339717916779 0.891757246377 0.351236879384 0.898143956541
0.340192951695 0.893682065217 0.352497721409 0.896785875962
0.338386879655 0.893908514493 0.352819510992 0.897238569488
0.337778387001 0.891417572464 0.353511177201 0.9008601177
0.340227543331 0.893682065217 0.355781893384 0.898596650068
0.335770902068 0.893908514493 0.350358736996 0.899049343594
0.340667256489 0.888813405797 0.352195815823 0.894975101856
0.338093314658 0.893115942029 0.350319761244 0.900407424174
0.335280983934 0.895153985507 0.352029207932 0.901312811227
0.334721097553 0.893455615942 0.348600737045 0.899954730647
0.334800268784 0.892436594203 0.351852573822 0.899954730647
0.33512804339 0.896059782609 0.35417732291 0.901765504753
0.335323895706 0.891644021739 0.349402832298 0.899954730647
0.333705116992 0.893795289855 0.348525581431 0.9008601177
0.332105844697 0.89504076087 0.347104636883 0.901765504753
0.335069561812 0.892549818841 0.347462572078 0.899954730647
0.341123959204 0.893908514493 0.358880038849 0.90221819828
0.332211436383 0.897871376812 0.353689263611 0.900407424174
0.333623792453 0.898097826087 0.351571275995 0.901312811227
0.331224342109 0.897871376812 0.351918327054 0.901312811227
0.334745845266 0.894134963768 0.34901656558 0.901312811227
0.333372585471 0.895267210145 0.348999338248 0.899049343594
0.330389532179 0.897644927536 0.348359640975 0.899049343594
0.33054383543 0.896852355072 0.347398722274 0.899954730647
0.331892875021 0.897305253623 0.348397262679 0.898596650068
0.328797786657 0.896625905797 0.3470232283 0.901312811227
0.331224715089 0.896399456522 0.349380201077 0.901312811227
0.328187392904 0.898550724638 0.346754789348 0.901765504753
0.334508036403 0.890851449275 0.348951024205 0.898596650068
0.327238238403 0.900475543478 0.347693223942 0.899954730647
0.329808677721 0.897192028986 0.34961414625 0.903123585333
0.327076061881 0.898777173913 0.348514920903 0.901312811227
0.400727661449 0.875339673913 0.398550253146 0.8700769579
0.3713136326 0.880661231884 0.37426997386 0.877320054323
0.372539174819 0.883265398551 0.378278424943 0.882299683115
0.363239846715 0.880774456522 0.374012071703 0.881846989588
0.358217914563 0.884510869565 0.368540800799 0.881846989588
0.358921851099 0.883605072464 0.37228542708 0.879130828429
0.35416643454 0.886096014493 0.367724805904 0.885921231326
0.358807338258 0.886888586957 0.37407638992 0.885015844273
0.352613250015 0.887567934783 0.367935999004 0.887279311906
0.349465026252 0.885982789855 0.365949535906 0.886826618379
0.348246596322 0.887907608696 0.366248378198 0.886373924853
0.349400124274 0.889039855072 0.366317188402 0.889995473065
0.345426127764 0.888020833333 0.363365121516 0.884563150747
0.345229273377 0.887001811594 0.363122954022 0.885921231326
0.343075723219 0.887341485507 0.363378351589 0.884563150747
0.343970782677 0.887907608696 0.36146889861 0.886826618379
0.3410287409 0.888926630435 0.363100716251 0.889542779538
0.34169796852 0.889039855072 0.363675171159 0.8854685378
0.339651408554 0.889492753623 0.361997216728 0.890448166591
0.349221429686 0.883718297101 0.370766584203 0.87641466727
0.33955618967 0.891417572464 0.363988621376 0.889542779538
0.348442117298 0.881453804348 0.373395891202 0.87777274785
0.338542089943 0.891530797101 0.364022679825 0.890900860118
0.336541070601 0.889039855072 0.360617913902 0.886826618379
0.340254005985 0.885190217391 0.365960852962 0.880488909009
0.334719251107 0.89356884058 0.360897532191 0.891353553644
0.341317778689 0.883831521739 0.366298824805 0.881394296062
0.344268970354 0.894927536232 0.369799274576 0.89316432775
0.336763041247 0.893002717391 0.364328472029 0.891806247171
0.33666686734 0.889266304348 0.365012618705 0.890448166591
0.333420220142 0.891191123188 0.360593215404 0.889542779538
0.33608773362 0.889492753623 0.36624291369 0.885015844273
0.332779211694 0.891870471014 0.364497281748 0.892711634224
0.334313841654 0.890398550725 0.363912699201 0.887732005432
0.335713905075 0.890398550725 0.364777988086 0.890900860118
0.33324536171 0.891530797101 0.363462156123 0.89316432775
0.331161481268 0.891644021739 0.362038453249 0.892258940697
0.334491986396 0.89356884058 0.363207874345 0.893617021277
0.330590349548 0.890398550725 0.362691331855 0.889995473065
0.332165271397 0.891191123188 0.363669952392 0.888637392485
0.331192764223 0.892323369565 0.362854566533 0.888184698959
0.327963481551 0.893908514493 0.358564790826 0.894975101856
0.327342901451 0.894248188406 0.358830184422 0.893617021277
0.325868724444 0.897305253623 0.361005379262 0.894975101856
0.32611542846 0.896852355072 0.359155354673 0.895880488909
0.326466802921 0.896512681159 0.358486704213 0.894975101856
0.333903109662 0.891870471014 0.370858699305 0.889090086012
0.323777056869 0.897758152174 0.35819432111 0.895427795383
0.325375055628 0.895606884058 0.359360930997 0.89452240833
0.326922967751 0.896059782609 0.359541528547 0.891806247171
