0.000000000000000000e+00 3.791068108145671522e-01 8.502270850536746138e-01 3.167856091265865981e-01 8.684405025868440209e-01
0.000000000000000000e+00 3.666059886677028867e-01 8.631296449215524191e-01 3.250261143306635292e-01 8.684405025868440209e-01
0.000000000000000000e+00 3.720174729811028258e-01 8.641618497109826436e-01 3.405193520521611616e-01 8.669623059866962134e-01
0.000000000000000000e+00 3.735067261501828217e-01 8.524979355904210854e-01 3.281488637445069134e-01 8.713968957871396359e-01
0.000000000000000000e+00 3.926992501039495154e-01 8.427952105697770202e-01 3.382751233450702055e-01 8.684405025868440209e-01
0.000000000000000000e+00 3.660717830714495524e-01 8.590008257638315214e-01 3.199245154243981482e-01 8.721359940872136507e-01
0.000000000000000000e+00 3.855587515725460990e-01 8.436209744013212219e-01 3.316959725511834933e-01 8.684405025868440209e-01
0.000000000000000000e+00 3.831876487303642054e-01 8.576589595375722075e-01 3.491832507861653001e-01 8.699186991869918284e-01
0.000000000000000000e+00 3.685254220986148854e-01 8.611684558216350371e-01 3.333097321981308148e-01 8.677014042867701171e-01
0.000000000000000000e+00 3.959728211910299445e-01 8.492981007431874563e-01 3.613256853112037925e-01 8.706577974870657322e-01
1.000000000000000000e+00 2.784314647387039487e-01 9.193848059454995392e-01 3.331098623051674812e-01 8.669623059866962134e-01
1.000000000000000000e+00 2.760445354064574031e-01 9.150495458298926188e-01 3.388205957956060277e-01 8.632668144863266946e-01
1.000000000000000000e+00 2.695666729825963448e-01 9.151527663088356856e-01 3.212885564943074868e-01 8.699186991869918284e-01
1.000000000000000000e+00 2.936823134344237474e-01 9.146366639141205734e-01 3.608733902176661790e-01 8.610495195861049833e-01
1.000000000000000000e+00 2.817906479216629179e-01 9.201073492981007851e-01 3.604921593853249728e-01 8.691796008869179246e-01
1.000000000000000000e+00 2.652979756294041036e-01 9.222749793559041898e-01 3.505189292809922086e-01 8.654841093865484059e-01
1.000000000000000000e+00 2.612043013631201727e-01 9.197976878612716956e-01 3.361099023713609024e-01 8.632668144863266946e-01
1.000000000000000000e+00 2.774311244997286763e-01 9.217588769611890775e-01 3.462742232426406219e-01 8.662232076866223096e-01
1.000000000000000000e+00 2.816544010646306884e-01 9.237200660611065706e-01 3.813194083324368266e-01 8.625277161862527908e-01
1.000000000000000000e+00 2.861982766429626013e-01 9.092691990090834286e-01 3.585392965930696563e-01 8.595713229859571758e-01
2.000000000000000000e+00 2.905594216609946323e-01 9.240297274979355491e-01 4.031629896274797620e-01 8.595713229859571758e-01
2.000000000000000000e+00 2.636696459744324317e-01 9.203137902559868078e-01 3.392203429251625657e-01 8.677014042867701171e-01
2.000000000000000000e+00 2.880199010977048668e-01 9.241329479768786159e-01 3.822891553770096928e-01 8.640059127864005983e-01
2.000000000000000000e+00 2.853062564853434679e-01 9.173203963666390903e-01 3.736578405819935278e-01 8.640059127864005983e-01
2.000000000000000000e+00 2.945447470114851973e-01 9.202105697770437409e-01 3.670133228075786458e-01 8.677014042867701171e-01
2.000000000000000000e+00 2.892414057335377930e-01 9.055532617671345763e-01 3.662690878379401549e-01 8.507021433850702197e-01
2.000000000000000000e+00 2.825084449508584172e-01 9.053468208092485536e-01 3.792849527128145382e-01 8.477457501847746046e-01
2.000000000000000000e+00 2.805928022325585025e-01 9.182493806771263589e-01 3.675662110921364412e-01 8.647450110864745021e-01
2.000000000000000000e+00 3.037398011784588348e-01 8.904830718414533663e-01 3.817618395307177948e-01 8.292682926829267887e-01
2.000000000000000000e+00 2.826387738946476991e-01 9.154624277456647752e-01 3.837992500201286017e-01 8.617886178861788871e-01
3.000000000000000000e+00 2.927991157836735692e-01 9.014244426094136786e-01 3.904031192755990087e-01 8.359201773835920335e-01
3.000000000000000000e+00 2.925747653073585419e-01 9.177332782824112467e-01 3.948882873108471303e-01 8.558758314855875460e-01
3.000000000000000000e+00 2.675754725416608082e-01 9.252683732452519072e-01 3.743139403935519249e-01 8.595713229859571758e-01
3.000000000000000000e+00 2.735958888416040735e-01 9.169075144508670450e-01 3.651181560194536879e-01 8.580931263858092573e-01
3.000000000000000000e+00 2.603909648436002477e-01 9.222749793559041898e-01 3.647359308843219905e-01 8.640059127864005983e-01
3.000000000000000000e+00 2.744364716522176284e-01 9.131915772089183037e-01 3.487491823689143344e-01 8.647450110864745021e-01
3.000000000000000000e+00 2.721355270622801137e-01 9.238232865400495264e-01 3.793656363002942400e-01 8.521803399852180272e-01
3.000000000000000000e+00 2.816590140900738226e-01 9.121593724194880792e-01 3.761097188906142308e-01 8.543976348854397385e-01
3.000000000000000000e+00 2.884941455161039170e-01 9.124690338563170577e-01 3.893091543052752956e-01 8.499630450849963159e-01
3.000000000000000000e+00 2.868236998970407070e-01 9.052436003303054868e-01 3.830495519346384659e-01 8.381374722838137448e-01
4.000000000000000000e+00 2.810008867095982743e-01 9.105078447563996757e-01 3.806080576521120862e-01 8.492239467849224122e-01
4.000000000000000000e+00 2.815069004069836733e-01 9.191783649876135165e-01 3.872289163716473581e-01 8.580931263858092573e-01
4.000000000000000000e+00 2.560458507587674570e-01 9.206234516928158973e-01 3.678547089598251940e-01 8.610495195861049833e-01
4.000000000000000000e+00 2.841975576886366373e-01 9.200041288191577182e-01 3.889559347705477954e-01 8.610495195861049833e-01
4.000000000000000000e+00 2.688273587381356244e-01 9.124690338563170577e-01 3.570711181488050445e-01 8.588322246858832720e-01
4.000000000000000000e+00 2.622295806519859274e-01 9.232039636663914584e-01 3.779999768530608595e-01 8.543976348854397385e-01
4.000000000000000000e+00 2.762433797053818751e-01 9.180429397192403362e-01 3.845685493303063751e-01 8.521803399852180272e-01
4.000000000000000000e+00 2.994265489343616582e-01 9.112303881090008106e-01 4.083709320404855236e-01 8.470066518847007009e-01
4.000000000000000000e+00 2.766247759844252530e-01 9.124690338563170577e-01 3.761474684951861547e-01 8.566149297856614497e-01
4.000000000000000000e+00 2.851351585201479244e-01 9.092691990090834286e-01 3.989504356848775357e-01 8.499630450849963159e-01
5.000000000000000000e+00 2.739811385237064245e-01 9.205202312138728304e-01 4.141590181761025669e-01 8.388765705838876485e-01
5.000000000000000000e+00 2.798071192634436488e-01 9.113336085879438775e-01 3.937878546703204585e-01 8.440502586844049748e-01
5.000000000000000000e+00 2.770145526000681868e-01 9.131915772089183037e-01 4.179735848971306011e-01 8.381374722838137448e-01
5.000000000000000000e+00 2.589945346386210434e-01 9.193848059454995392e-01 3.893234381189429327e-01 8.521803399852180272e-01
5.000000000000000000e+00 2.753426417997981157e-01 9.173203963666390903e-01 3.832401975137350036e-01 8.470066518847007009e-01
5.000000000000000000e+00 2.650456373458768833e-01 9.091659785301403618e-01 3.935484504167139352e-01 8.410938654841093598e-01
5.000000000000000000e+00 2.906681034958860654e-01 9.154624277456647752e-01 4.184750561672624380e-01 8.470066518847007009e-01
5.000000000000000000e+00 2.728124096401610132e-01 9.199009083402146514e-01 3.915338596437162311e-01 8.499630450849963159e-01
5.000000000000000000e+00 2.562567339270702127e-01 9.219653179190751002e-01 3.817392721261446686e-01 8.529194382852919309e-01
5.000000000000000000e+00 2.810317614312886625e-01 8.993600330305532298e-01 3.994363416630756780e-01 8.292682926829267887e-01
6.000000000000000000e+00 2.712760988363462911e-01 9.233071841453344142e-01 4.033627490897980228e-01 8.492239467849224122e-01
6.000000000000000000e+00 2.603750625857857992e-01 9.185590421139554484e-01 3.823585536681818886e-01 8.543976348854397385e-01
6.000000000000000000e+00 2.734428036509350957e-01 9.103014037985136531e-01 4.012151753068030624e-01 8.418329637841832636e-01
6.000000000000000000e+00 2.580585211091356301e-01 9.168042939719239781e-01 3.831795487120174259e-01 8.551367331855136422e-01
6.000000000000000000e+00 2.560776899961472730e-01 9.208298926507019200e-01 3.859281994501615465e-01 8.536585365853658347e-01
6.000000000000000000e+00 2.594249859009273296e-01 9.179397192402972694e-01 3.833240297249038697e-01 8.521803399852180272e-01
6.000000000000000000e+00 2.560274110584198626e-01 9.197976878612716956e-01 3.901494183700723872e-01 8.536585365853658347e-01
6.000000000000000000e+00 2.555597433334338975e-01 9.165978530140379554e-01 3.872383513108600961e-01 8.477457501847746046e-01
6.000000000000000000e+00 2.748325596833605666e-01 9.131915772089183037e-01 4.071331359155225815e-01 8.440502586844049748e-01
6.000000000000000000e+00 2.555972873664371092e-01 9.154624277456647752e-01 3.845008808120682908e-01 8.514412416851441234e-01
7.000000000000000000e+00 2.614746953847933986e-01 9.167010734929810223e-01 3.952859939378101095e-01 8.529194382852919309e-01
7.000000000000000000e+00 2.682240275698979382e-01 9.086498761354252496e-01 3.978403146254880784e-01 8.403547671840354560e-01
7.000000000000000000e+00 2.493230297488464031e-01 9.183526011560693147e-01 4.013000577993022233e-01 8.410938654841093598e-01
7.000000000000000000e+00 2.612519588142476201e-01 9.092691990090834286e-01 3.856649416395072638e-01 8.447893569844789896e-01
7.000000000000000000e+00 2.645475383736795028e-01 9.190751445086705607e-01 4.273911412448759273e-01 8.388765705838876485e-01
7.000000000000000000e+00 2.496716868584756277e-01 9.178364987613542025e-01 4.030759128117596402e-01 8.396156688839615523e-01
7.000000000000000000e+00 2.613522494545294506e-01 9.205202312138728304e-01 4.031944501900175393e-01 8.477457501847746046e-01
7.000000000000000000e+00 2.509222178281355631e-01 9.137076796036334159e-01 3.838275760053075358e-01 8.447893569844789896e-01
7.000000000000000000e+00 2.689387550135424187e-01 9.140173410404623944e-01 4.006602002449914379e-01 8.396156688839615523e-01
7.000000000000000000e+00 2.597502042874680894e-01 9.182493806771263589e-01 4.129756787853884892e-01 8.440502586844049748e-01
8.000000000000000000e+00 2.296477579956716086e-01 9.258876961189099752e-01 4.015022397735424353e-01 8.462675535846267971e-01
8.000000000000000000e+00 2.687463440971455952e-01 8.933732452518580169e-01 3.958494381491935998e-01 8.277900960827789811e-01
8.000000000000000000e+00 2.582776004091155153e-01 9.128819157720892141e-01 4.116802997884983495e-01 8.314855875831486109e-01
8.000000000000000000e+00 2.574725083480322030e-01 9.105078447563996757e-01 3.938013996227857083e-01 8.351810790835181297e-01
8.000000000000000000e+00 2.555589312072751307e-01 9.074112303881090025e-01 3.963619494737219973e-01 8.344419807834442260e-01
8.000000000000000000e+00 2.433323243314828299e-01 9.188687035507844270e-01 3.757136806145968677e-01 8.558758314855875460e-01
8.000000000000000000e+00 2.495224098347114394e-01 9.124690338563170577e-01 3.849530805861945404e-01 8.447893569844789896e-01
8.000000000000000000e+00 2.645750558446168799e-01 9.075144508670520693e-01 4.095545375057312310e-01 8.263118994826311736e-01
8.000000000000000000e+00 2.472409958753410131e-01 9.138109000825763717e-01 3.847260218619073524e-01 8.418329637841832636e-01
8.000000000000000000e+00 2.496127742414126216e-01 9.066886870355078676e-01 3.776228665102756010e-01 8.366592756836659373e-01
9.000000000000000000e+00 2.444799639967050187e-01 9.148431048720065961e-01 3.800354291745069446e-01 8.418329637841832636e-01
9.000000000000000000e+00 2.631808975466028988e-01 9.054500412881916205e-01 4.099146625877503336e-01 8.255728011825572699e-01
9.000000000000000000e+00 2.420794720171687564e-01 9.141205615194054612e-01 3.934629779219636081e-01 8.381374722838137448e-01
9.000000000000000000e+00 2.551171085741674172e-01 9.060693641618496885e-01 4.006386803144228459e-01 8.292682926829267887e-01
9.000000000000000000e+00 2.551214591715114111e-01 9.167010734929810223e-01 4.201825363499560595e-01 8.314855875831486109e-01
9.000000000000000000e+00 2.424858851674594473e-01 9.123658133773741019e-01 3.970131491652611477e-01 8.329637841832964185e-01
9.000000000000000000e+00 2.480521156394861759e-01 9.164946325350949996e-01 4.039951224635160432e-01 8.337028824833703222e-01
9.000000000000000000e+00 2.471627052303695948e-01 9.159785301403798874e-01 4.023421122072159961e-01 8.314855875831486109e-01
9.000000000000000000e+00 2.407786059391179012e-01 9.218620974401321444e-01 4.122841992911823183e-01 8.344419807834442260e-01
9.000000000000000000e+00 2.535924531389531777e-01 9.079273327828241147e-01 3.947162031497550294e-01 8.329637841832964185e-01
1.000000000000000000e+01 2.457028371474200001e-01 9.144302229562345508e-01 3.913224819468207882e-01 8.373983739837398410e-01
1.000000000000000000e+01 2.669109674318626002e-01 8.953344343517753989e-01 4.091107901054966689e-01 8.270509977827050774e-01
1.000000000000000000e+01 2.370759148057047794e-01 9.206234516928158973e-01 4.023167886886988565e-01 8.418329637841832636e-01
1.000000000000000000e+01 2.493606637637037771e-01 9.078241123038810478e-01 3.957558260955983953e-01 8.366592756836659373e-01
1.000000000000000000e+01 2.502360486173270115e-01 9.098885218827414967e-01 3.925436907570269973e-01 8.359201773835920335e-01
1.000000000000000000e+01 2.529511638673576646e-01 9.089595375722543391e-01 4.192351615133833587e-01 8.314855875831486109e-01
1.000000000000000000e+01 2.594205520794864439e-01 9.172171758876961345e-01 4.249317770840528308e-01 8.359201773835920335e-01
1.000000000000000000e+01 2.416266403343445002e-01 9.174236168455821572e-01 4.017304987251274495e-01 8.337028824833703222e-01
1.000000000000000000e+01 2.352519438047639688e-01 9.165978530140379554e-01 3.941511107027330651e-01 8.396156688839615523e-01
1.000000000000000000e+01 2.472460068033241476e-01 9.185590421139554484e-01 4.151220938970534013e-01 8.359201773835920335e-01
1.100000000000000000e+01 2.403686655352689772e-01 9.170107349298101118e-01 4.001613523886948243e-01 8.373983739837398410e-01
1.100000000000000000e+01 2.430524175722677260e-01 9.143270024772914839e-01 3.908104494554721087e-01 8.396156688839615523e-01
1.100000000000000000e+01 2.487424169131991492e-01 9.100949628406276304e-01 3.948967820853199751e-01 8.314855875831486109e-01
1.100000000000000000e+01 2.494205357009923740e-01 9.115400495458299002e-01 4.055947530778064580e-01 8.277900960827789811e-01
1.100000000000000000e+01 2.396115726106509414e-01 9.144302229562345508e-01 3.865528107360798882e-01 8.337028824833703222e-01
1.100000000000000000e+01 2.404784796905128641e-01 9.126754748142031914e-01 3.988663431438386753e-01 8.329637841832964185e-01
1.100000000000000000e+01 2.385625704348323384e-01 9.118497109826589897e-01 4.067840379529790162e-01 8.329637841832964185e-01
1.100000000000000000e+01 2.486502365002340453e-01 9.076176713459950252e-01 3.949317517545379297e-01 8.351810790835181297e-01
1.100000000000000000e+01 2.468203496678952336e-01 9.108175061932287653e-01 4.161354174713203236e-01 8.226164079822616548e-01
1.100000000000000000e+01 2.463474746098663626e-01 9.170107349298101118e-01 4.145838851201212316e-01 8.277900960827789811e-01
1.200000000000000000e+01 2.504824341148371158e-01 9.103014037985136531e-01 4.073925144890913619e-01 8.322246858832225147e-01
1.200000000000000000e+01 2.435341734515936996e-01 9.171139554087530676e-01 4.358056179600064972e-01 8.285291943828528849e-01
1.200000000000000000e+01 2.438708604847504013e-01 9.093724194880263845e-01 4.058824365984104454e-01 8.292682926829267887e-01
1.200000000000000000e+01 2.508027423538211065e-01 9.120561519405450124e-01 4.016598651058891356e-01 8.418329637841832636e-01
1.200000000000000000e+01 2.504061494326297876e-01 9.055532617671345763e-01 3.918291047520137682e-01 8.396156688839615523e-01
1.200000000000000000e+01 2.528778547073153860e-01 9.081337737407101374e-01 4.221109987056902990e-01 8.203991130820399436e-01
1.200000000000000000e+01 2.746074374944967311e-01 8.866639141205615582e-01 4.179629848439505024e-01 8.218773096821877511e-01
1.200000000000000000e+01 2.326027117518394693e-01 9.123658133773741019e-01 3.925425685765764894e-01 8.388765705838876485e-01
1.200000000000000000e+01 2.545494234062116168e-01 9.074112303881090025e-01 3.907073864607307212e-01 8.337028824833703222e-01
1.200000000000000000e+01 2.421111678168697268e-01 9.108175061932287653e-01 3.924321744261283218e-01 8.351810790835181297e-01
1.300000000000000000e+01 2.462827972398624610e-01 9.129851362510321700e-01 4.178670372703902625e-01 8.255728011825572699e-01
1.300000000000000000e+01 2.439486009389563725e-01 9.068951279933938903e-01 4.051927504278475256e-01 8.300073909830006924e-01
1.300000000000000000e+01 2.628990847249285112e-01 8.975020644095789146e-01 4.104198975494049995e-01 8.218773096821877511e-01
1.300000000000000000e+01 2.305732366912048303e-01 9.183526011560693147e-01 4.055462494150867125e-01 8.344419807834442260e-01
1.300000000000000000e+01 2.633239162070167283e-01 8.940957886044591518e-01 4.164800671628906548e-01 8.189209164818921360e-01
1.300000000000000000e+01 2.532504877190731585e-01 8.988439306358381176e-01 3.997489097039654271e-01 8.322246858832225147e-01
1.300000000000000000e+01 2.546059044636773683e-01 9.021469859620148135e-01 3.943861429947387309e-01 8.351810790835181297e-01
1.300000000000000000e+01 2.498597915894108512e-01 9.109207266721717211e-01 3.954478758430718943e-01 8.381374722838137448e-01
1.300000000000000000e+01 2.501016208704222588e-01 9.113336085879438775e-01 4.044822015559007555e-01 8.300073909830006924e-01
1.300000000000000000e+01 2.646572710265316930e-01 9.188687035507844270e-01 4.592055091526194288e-01 8.070953436807095649e-01
1.400000000000000000e+01 2.555744883995796912e-01 8.989471511147811844e-01 3.932267277013039575e-01 8.344419807834442260e-01
1.400000000000000000e+01 2.508865756213632947e-01 9.130883567299752368e-01 4.289613808063194589e-01 8.203991130820399436e-01
1.400000000000000000e+01 2.485735566252120221e-01 9.063790255986787781e-01 4.044231155737790795e-01 8.300073909830006924e-01
1.400000000000000000e+01 2.626229325337698928e-01 8.976052848885218705e-01 4.095005695781447352e-01 8.307464892830745962e-01
1.400000000000000000e+01 2.690932636692845437e-01 8.996696944673823193e-01 4.109209861839706601e-01 8.322246858832225147e-01
1.400000000000000000e+01 2.626239715050889822e-01 9.117464905037159228e-01 4.369421664126618698e-01 8.181818181818182323e-01
1.400000000000000000e+01 2.891103630686531756e-01 8.854252683732452001e-01 4.117927259612582103e-01 8.263118994826311736e-01
1.400000000000000000e+01 2.359228642490471817e-01 9.163914120561519328e-01 4.283324500141524882e-01 8.218773096821877511e-01
1.400000000000000000e+01 2.527773079945344614e-01 9.100949628406276304e-01 4.140585395965044602e-01 8.255728011825572699e-01
1.400000000000000000e+01 2.440454488027260505e-01 9.099917423616845635e-01 4.103335856101625323e-01 8.300073909830006924e-01
1.500000000000000000e+01 2.514787903804533431e-01 9.149463253509496630e-01 4.197487219575088413e-01 8.322246858832225147e-01
1.500000000000000000e+01 2.726102505398612652e-01 8.885218827415358733e-01 4.371955415692747593e-01 8.240946045824094623e-01
1.500000000000000000e+01 2.582383206195850711e-01 8.958505367464905111e-01 4.173226656277737590e-01 8.300073909830006924e-01
1.500000000000000000e+01 2.676388471617155429e-01 8.944054500412882414e-01 4.179555956854067444e-01 8.255728011825572699e-01
1.500000000000000000e+01 2.555635824305689807e-01 9.012180016515276559e-01 4.168385422600622281e-01 8.255728011825572699e-01
1.500000000000000000e+01 2.414678448926594889e-01 9.138109000825763717e-01 3.919137180910735041e-01 8.388765705838876485e-01
1.500000000000000000e+01 2.475341670516535142e-01 9.138109000825763717e-01 4.366701881666509300e-01 8.196600147819660398e-01
1.500000000000000000e+01 2.623234430902102177e-01 9.034888521882741275e-01 4.581324828457418175e-01 8.085735402808573724e-01
1.500000000000000000e+01 2.525186283473619397e-01 9.136044591246903490e-01 4.246215659636554673e-01 8.255728011825572699e-01
1.500000000000000000e+01 2.619021863663027472e-01 9.037985136251032170e-01 4.127295167813991861e-01 8.248337028824833661e-01
1.600000000000000000e+01 2.629141284678151447e-01 9.135012386457472822e-01 4.428170507379941001e-01 8.181818181818182323e-01
1.600000000000000000e+01 2.742735687512233289e-01 9.132947976878612595e-01 4.905742559316575990e-01 7.930524759793052825e-01
1.600000000000000000e+01 2.607543130405137743e-01 8.999793559042114088e-01 4.220093335362083420e-01 8.203991130820399436e-01
1.600000000000000000e+01 2.454451831742949508e-01 9.091659785301403618e-01 3.975181192464156688e-01 8.381374722838137448e-01
1.600000000000000000e+01 2.702858564166227273e-01 9.012180016515276559e-01 4.248413127152739777e-01 8.203991130820399436e-01
1.600000000000000000e+01 2.584407667663044528e-01 9.095788604459125182e-01 4.267656665712947772e-01 8.248337028824833661e-01
1.600000000000000000e+01 2.632570608008697466e-01 8.995664739884392525e-01 4.250217238445841983e-01 8.277900960827789811e-01
1.600000000000000000e+01 2.436832259197311557e-01 9.143270024772914839e-01 4.236595752449692220e-01 8.218773096821877511e-01
1.600000000000000000e+01 2.532180882021493051e-01 9.086498761354252496e-01 4.122638598712064506e-01 8.344419807834442260e-01
1.600000000000000000e+01 2.667254071915305391e-01 8.979149463253509600e-01 3.998808233828524128e-01 8.300073909830006924e-01
