1.429752066115702602e-01 1.408500590318772228e-01 2.255017709563164260e-02 1.322314049586776827e-02 8.028335301062573467e-03 7.319952774498228801e-03
6.547815820543093634e-01 6.584415584415584943e-01 6.599763872491145600e-01 6.596221959858323824e-01 6.590318772136953829e-01 6.595041322314049159e-01
1.109799291617473427e-02 8.736717827626918134e-03 6.611570247933884134e-03 5.667060212514758201e-03 4.014167650531286734e-03 3.187721369539551434e-03
3.494687131050767254e-02 3.506493506493506274e-02 3.175914994096812327e-02 2.951593860684769907e-02 2.703659976387249100e-02 2.514757969303423740e-02
1.487603305785123974e-02 1.369539551357733254e-02 1.239669421487603340e-02 2.125147579693034434e-03 1.652892561983471034e-03 1.652892561983471034e-03
8.972845336481700268e-03 6.729634002361275201e-03 6.021251475796930534e-03 5.076741440377803734e-03 3.778040141676505467e-03 3.423848878394333134e-03
6.741440377804014394e-02 6.363636363636362980e-02 5.844155844155844021e-02 5.324675324675324367e-02 4.911452184179456587e-02 4.805194805194805407e-02
8.625737898465171138e-01 8.796930342384887691e-01 8.927981109799291159e-01 8.033057851239668867e-01 8.559622195985832072e-01 8.455726092089728141e-01
3.541912632821723876e-04 2.361275088547815917e-04 2.361275088547815917e-04 2.361275088547815917e-04 3.541912632821723876e-04 3.541912632821723876e-04
4.713105076741440636e-01 4.748524203069657834e-01 4.721369539551357741e-01 4.688311688311688208e-01 4.636363636363636243e-01 4.554899645808736519e-01
5.312868949232585868e-03 5.312868949232585868e-03 4.840613931523022467e-03 4.368358913813459067e-03 4.132231404958677801e-03 4.368358913813459067e-03
1.015348288075560747e-02 1.074380165289256193e-02 1.192443919716646913e-02 1.499409681227862993e-02 1.523022432113341207e-02 1.652892561983471120e-02
7.284533648170012088e-02 6.847697756788666268e-02 6.080283353010625808e-02 5.879574970484061081e-02 5.914994096812278834e-02 6.363636363636362980e-02
5.838252656434474996e-01 5.566706021251476288e-01 7.233766233766233400e-01 7.369539551357733309e-01 7.642266824085005572e-01 7.264462809917355823e-01
2.578512396694214726e-01 2.704840613931522864e-01 2.706021251475796974e-01 2.055489964580873574e-01 1.949232585596221978e-01 1.829988193624557391e-01
8.323494687131051395e-02 8.547815820543093468e-02 7.367178276269185921e-02 6.670602125147580275e-02 6.162927981109798947e-02 5.844155844155844021e-02
5.674144037780400884e-01 5.678866587957497325e-01 5.678866587957497325e-01 5.676505312868949105e-01 5.670602125147580219e-01 5.657615112160566673e-01
