-6.8490525027284
-5.39134096257873
-5.28583756423953
-4.76101613530633
-4.66325809049421
-4.56417220695402
-4.30663719823207
-4.20066553897505
-3.67271480880581
-3.55228774902616
-3.4434172277218
-3.37555887510715
-3.23835685388265
-2.88356140111084
-2.54308082639915
-2.52215379171478
-2.07200525948946
-2.05630330724121
-1.94684258363735
-1.83692212078423
-1.83092034417168
-1.82597210376775
-1.58516001997458
-1.55089545682199
-1.47705092439077
-1.45206670977635
-1.44934918348305
-1.44659653492827
-1.38822422210426
-1.34713134193857
-1.29510904049858
-1.11680171786832
-1.07013854090474
-1.01826808798662
-0.963746661530451
-0.908816235648955
-0.894600181943594
-0.860238902295014
-0.770147022448813
-0.73483830266218
-0.514539177144644
-0.371054985776465
-0.297634096639716
-0.174860658642354
0.086581284513119
0.0982422407457794
0.102601713660719
0.1211639804825
0.140883052826354
0.18087050452664
0.217680656840851
0.386683159741979
0.391704192858127
0.568439600488077
0.685432498780004
0.703518214984162
0.817636567179354
0.843763048867072
0.934939752845886
1.14317766797272
1.15795609058482
1.3131670617955
1.32436310477824
1.48394498177277
1.66932626326957
1.68261216309126
1.68471420183936
1.72553775453689
1.7542600737571
1.85649484598829
1.87052135700187
1.96604465404711
1.98745782306365
2.02671696033172
2.17806894069644
2.24621048954152
2.25682069656894
2.26147138926413
2.27612920174117
2.27689285594558
2.28656647728708
2.3604388206029
2.3943161480935
2.4901014666651
2.80775072920783
2.85959749505935
2.96085093169581
2.98572739121292
3.08190079544103
3.13265976789138
3.14327258150732
3.34070046002504
3.42418447564149
3.46245866351267
3.46547961996209
3.5665846934154
3.66403332974123
3.82021687925093
3.83936413666292
4.56569520051034
