0 0.753672612802
1 0.754459601259
2 0.754984260231
3 0.755508919203
4 0.756558237146
5 0.756820566632
6 0.757345225603
7 0.757082896118
8 0.756033578174
9 0.754984260231
10 0.755246589717
11 0.754721930745
12 0.754721930745
13 0.753672612802
14 0.75314795383
15 0.753672612802
16 0.752885624344
17 0.752623294858
18 0.752885624344
19 0.752623294858
20 0.752623294858
21 0.751836306401
22 0.751049317943
23 0.750786988458
24 0.751049317943
25 0.750262329486
26 0.749737670514
27 0.749475341028
28 0.748950682057
29 0.749475341028
30 0.749475341028
31 0.748688352571
32 0.749213011542
33 0.748950682057
34 0.747639034627
35 0.747114375656
36 0.747114375656
37 0.746589716684
38 0.74685204617
39 0.746327387198
40 0.746065057712
41 0.746327387198
42 0.746065057712
43 0.745802728227
44 0.745540398741
45 0.745015739769
46 0.745015739769
47 0.745540398741
48 0.745802728227
49 0.745802728227
50 0.745802728227
51 0.744491080797
52 0.745015739769
53 0.744753410283
54 0.745015739769
55 0.744753410283
56 0.744753410283
57 0.744753410283
58 0.744753410283
59 0.744753410283
60 0.744753410283
61 0.744753410283
62 0.745015739769
63 0.745015739769
64 0.744753410283
65 0.744491080797
66 0.744491080797
67 0.744228751312
68 0.743966421826
69 0.74370409234
70 0.74370409234
71 0.743441762854
72 0.742917103882
73 0.742654774397
74 0.742654774397
75 0.742654774397
76 0.742654774397
77 0.742130115425
78 0.741867785939
79 0.741867785939
80 0.741343126967
81 0.741605456453
82 0.741343126967
83 0.741080797482
84 0.740818467996
85 0.741080797482
86 0.74055613851
87 0.74055613851
88 0.740293809024
89 0.740293809024
90 0.740293809024
91 0.740818467996
92 0.741080797482
93 0.741343126967
94 0.741080797482
95 0.740818467996
96 0.740293809024
97 0.739769150052
98 0.739769150052
99 0.739769150052
100 0.739769150052
101 0.740031479538
102 0.740031479538
103 0.740031479538
104 0.739506820567
105 0.739769150052
106 0.739506820567
107 0.739244491081
108 0.738719832109
109 0.738719832109
110 0.738719832109
111 0.738982161595
112 0.738982161595
113 0.739506820567
114 0.739506820567
115 0.738982161595
116 0.738982161595
117 0.738719832109
118 0.738719832109
119 0.738719832109
120 0.738719832109
121 0.738457502623
122 0.738719832109
123 0.738719832109
124 0.738457502623
125 0.738719832109
126 0.738719832109
127 0.738457502623
128 0.738982161595
129 0.738719832109
130 0.738457502623
131 0.738719832109
132 0.738719832109
133 0.738195173137
134 0.738195173137
135 0.738195173137
136 0.737932843652
137 0.737932843652
138 0.737670514166
139 0.737670514166
140 0.73740818468
141 0.73740818468
142 0.73740818468
143 0.73740818468
144 0.736883525708
145 0.736883525708
146 0.736883525708
147 0.737145855194
148 0.737145855194
149 0.737145855194
150 0.737145855194
151 0.736621196222
152 0.736621196222
153 0.736621196222
154 0.736883525708
155 0.736621196222
156 0.736621196222
157 0.736621196222
158 0.736358866737
159 0.736358866737
160 0.736358866737
161 0.736358866737
162 0.736096537251
163 0.736096537251
164 0.736358866737
165 0.736358866737
166 0.736358866737
167 0.736358866737
168 0.736621196222
169 0.736621196222
170 0.736621196222
171 0.736621196222
172 0.736621196222
173 0.736621196222
174 0.736621196222
175 0.736883525708
176 0.736883525708
177 0.736621196222
178 0.736358866737
179 0.735834207765
180 0.736096537251
181 0.736096537251
182 0.736358866737
183 0.736358866737
184 0.736358866737
185 0.736621196222
186 0.736358866737
187 0.736358866737
188 0.736096537251
189 0.736096537251
190 0.736096537251
191 0.736096537251
192 0.735834207765
193 0.735834207765
194 0.735834207765
195 0.736096537251
196 0.736096537251
197 0.736096537251
198 0.736096537251
199 0.736096537251
200 0.736096537251
201 0.735571878279
202 0.735571878279
203 0.735571878279
204 0.735571878279
205 0.735834207765
206 0.736096537251
207 0.735834207765
208 0.735834207765
209 0.736096537251
210 0.736096537251
211 0.736096537251
212 0.736096537251
213 0.735834207765
214 0.736096537251
215 0.736096537251
216 0.736096537251
217 0.736096537251
218 0.735834207765
219 0.735571878279
220 0.735571878279
221 0.735571878279
222 0.735834207765
223 0.735834207765
224 0.735834207765
225 0.735834207765
226 0.735834207765
227 0.735834207765
228 0.735834207765
229 0.735834207765
230 0.735834207765
231 0.735834207765
232 0.735571878279
233 0.735309548793
234 0.735309548793
235 0.735309548793
236 0.735309548793
237 0.735309548793
238 0.735309548793
239 0.735571878279
240 0.735571878279
241 0.735571878279
242 0.735309548793
243 0.735309548793
244 0.735309548793
245 0.735309548793
246 0.735047219307
247 0.735047219307
248 0.735047219307
249 0.735047219307
250 0.735047219307
251 0.735047219307
252 0.735047219307
253 0.735047219307
254 0.735047219307
255 0.735047219307
256 0.735047219307
257 0.735047219307
258 0.735047219307
259 0.735047219307
260 0.734784889822
261 0.734784889822
262 0.734784889822
263 0.734784889822
264 0.734784889822
265 0.734784889822
266 0.734784889822
267 0.734784889822
268 0.734784889822
269 0.734784889822
270 0.734784889822
271 0.734784889822
272 0.734522560336
273 0.734522560336
274 0.734522560336
275 0.734522560336
276 0.734522560336
277 0.734522560336
278 0.734784889822
279 0.734784889822
280 0.734784889822
281 0.734522560336
282 0.734522560336
283 0.734522560336
284 0.734784889822
285 0.734784889822
286 0.734784889822
287 0.734784889822
288 0.734784889822
289 0.734522560336
290 0.734784889822
291 0.734784889822
292 0.734784889822
293 0.734784889822
294 0.734784889822
295 0.734522560336
296 0.73426023085
297 0.73426023085
298 0.73426023085
299 0.73426023085
300 0.73426023085
301 0.73426023085
302 0.73426023085
303 0.73426023085
304 0.733997901364
305 0.733997901364
306 0.733735571878
307 0.733473242392
308 0.733210912907
309 0.733210912907
310 0.732948583421
311 0.732948583421
312 0.732686253935
313 0.732686253935
314 0.732686253935
315 0.732686253935
316 0.732686253935
317 0.732686253935
318 0.732686253935
319 0.732686253935
320 0.732686253935
321 0.732686253935
322 0.732686253935
323 0.732686253935
324 0.732686253935
325 0.732948583421
326 0.732948583421
327 0.732948583421
328 0.732948583421
329 0.732948583421
330 0.732948583421
331 0.732686253935
332 0.732686253935
333 0.732686253935
334 0.732686253935
335 0.732686253935
336 0.732686253935
337 0.732686253935
338 0.732686253935
339 0.732686253935
340 0.732948583421
341 0.732948583421
342 0.732948583421
343 0.732948583421
344 0.732948583421
345 0.732948583421
346 0.732948583421
347 0.732948583421
348 0.732948583421
349 0.732686253935
350 0.732686253935
351 0.732686253935
352 0.732686253935
353 0.732686253935
354 0.732686253935
355 0.732686253935
356 0.732686253935
357 0.732686253935
358 0.732686253935
359 0.732686253935
360 0.732686253935
361 0.732686253935
362 0.732686253935
363 0.732423924449
364 0.732423924449
365 0.732423924449
366 0.732161594963
367 0.731899265477
368 0.731899265477
369 0.731899265477
370 0.732161594963
371 0.732161594963
372 0.732161594963
373 0.732161594963
374 0.732161594963
375 0.731899265477
376 0.731899265477
377 0.731899265477
378 0.731899265477
379 0.731899265477
380 0.731636935992
381 0.731636935992
382 0.731636935992
383 0.731636935992
384 0.731374606506
385 0.731374606506
386 0.731374606506
387 0.731636935992
388 0.731636935992
389 0.731374606506
390 0.731374606506
391 0.731374606506
392 0.73111227702
393 0.73111227702
394 0.730849947534
395 0.730849947534
396 0.730849947534
397 0.730849947534
398 0.730849947534
399 0.730849947534
400 0.730849947534
401 0.730849947534
402 0.730849947534
403 0.730849947534
404 0.730849947534
405 0.730849947534
406 0.730849947534
407 0.730849947534
408 0.730849947534
409 0.730849947534
410 0.730849947534
411 0.730849947534
412 0.730849947534
413 0.730587618048
414 0.730587618048
415 0.730587618048
416 0.730587618048
417 0.730325288562
418 0.730325288562
419 0.730325288562
420 0.730325288562
421 0.730325288562
422 0.730325288562
423 0.730325288562
424 0.730325288562
425 0.730325288562
426 0.730325288562
427 0.730325288562
428 0.730325288562
429 0.730325288562
430 0.730325288562
431 0.729800629591
432 0.729800629591
433 0.729800629591
434 0.729800629591
435 0.729800629591
436 0.729800629591
437 0.729538300105
438 0.729538300105
439 0.729275970619
440 0.729013641133
441 0.729013641133
442 0.729013641133
443 0.729013641133
444 0.729013641133
445 0.729013641133
446 0.728488982162
447 0.728488982162
448 0.728226652676
449 0.728226652676
450 0.728226652676
451 0.728226652676
452 0.728226652676
453 0.728226652676
454 0.728226652676
455 0.728226652676
456 0.728226652676
457 0.728226652676
458 0.728226652676
459 0.728226652676
460 0.728226652676
461 0.728226652676
462 0.728226652676
463 0.728226652676
464 0.728226652676
465 0.728226652676
466 0.728226652676
467 0.72796432319
468 0.72796432319
469 0.72796432319
470 0.72796432319
471 0.72796432319
472 0.72796432319
473 0.72796432319
474 0.72796432319
475 0.72796432319
476 0.72796432319
477 0.72796432319
478 0.72796432319
479 0.72796432319
480 0.72796432319
481 0.72796432319
482 0.72796432319
483 0.72796432319
484 0.72796432319
485 0.72796432319
486 0.72796432319
487 0.72796432319
488 0.72796432319
489 0.72796432319
490 0.72796432319
491 0.72796432319
492 0.72796432319
493 0.72796432319
494 0.72796432319
495 0.72796432319
496 0.72796432319
497 0.72796432319
498 0.72796432319
499 0.72796432319
