0.660191655159 0.702298850575
0.678357064724 0.665517241379
0.708362042904 0.526436781609
0.674268484116 0.541379310345
0.724422097206 0.655172413793
0.664315402508 0.706896551724
0.649010419846 0.709195402299
0.628828942776 0.716091954023
0.63015627861 0.688505747126
0.68603849411 0.679310344828
0.656045615673 0.709195402299
0.66562128067 0.705747126437
0.68496131897 0.691954022989
0.683869540691 0.722988505747
0.755563437939 0.520689655172
0.678109228611 0.536781609195
0.68909072876 0.53908045977
0.66309684515 0.53908045977
0.647317111492 0.689655172414
0.654133677483 0.708045977011
0.674936652184 0.716091954023
0.685905098915 0.709195402299
0.675192952156 0.694252873563
0.673558056355 0.544827586207
0.690392315388 0.537931034483
0.6583943367 0.54367816092
0.644169330597 0.718390804598
0.68966704607 0.536781609195
0.693161904812 0.536781609195
0.689448177814 0.536781609195
0.668828368187 0.536781609195
0.668118059635 0.537931034483
0.678619921207 0.537931034483
0.667038023472 0.536781609195
0.692940533161 0.536781609195
0.663107812405 0.536781609195
0.677378594875 0.536781609195
0.677991390228 0.536781609195
0.686058282852 0.536781609195
0.635028243065 0.666666666667
0.632646918297 0.67816091954
0.665231227875 0.536781609195
0.665317773819 0.537931034483
0.69844520092 0.697701149425
0.68815690279 0.706896551724
0.705317080021 0.696551724138
0.668035566807 0.706896551724
0.663686573505 0.704597701149
0.649326682091 0.728735632184
0.642183303833 0.728735632184
0.674737095833 0.724137931034
0.645827949047 0.728735632184
0.664744019508 0.727586206897
0.676408588886 0.734482758621
0.663136959076 0.536781609195
0.674697697163 0.535632183908
0.647700786591 0.536781609195
0.676613330841 0.536781609195
0.660321116447 0.536781609195
0.646613299847 0.52183908046
0.640602111816 0.555172413793
0.659824132919 0.562068965517
0.633827447891 0.72183908046
0.672309815884 0.714942528736
0.68056589365 0.716091954023
0.674646914005 0.724137931034
0.667662858963 0.68275862069
0.632846176624 0.705747126437
0.670612931252 0.657471264368
0.656337201595 0.725287356322
0.678613364697 0.542528735632
0.661479949951 0.631034482759
0.618544816971 0.726436781609
0.659786164761 0.713793103448
0.710196971893 0.627586206897
0.693699359894 0.703448275862
0.640982806683 0.711494252874
0.680925905704 0.711494252874
0.643207490444 0.714942528736
0.633891165257 0.709195402299
0.674559354782 0.537931034483
0.73101323843 0.536781609195
0.655012309551 0.698850574713
0.661980688572 0.712643678161
0.666487872601 0.708045977011
0.687433302402 0.701149425287
0.624669253826 0.680459770115
0.660291731358 0.691954022989
0.646514296532 0.7
0.636339604855 0.697701149425
0.661240160465 0.698850574713
0.685351014137 0.7
0.679516434669 0.690804597701
0.672867059708 0.688505747126
0.678264915943 0.536781609195
0.679968595505 0.689655172414
0.662120640278 0.690804597701
0.660661995411 0.686206896552
0.680216431618 0.696551724138
0.67922103405 0.687356321839
0.68454682827 0.698850574713
0.666670322418 0.690804597701
0.681321263313 0.537931034483
0.68356180191 0.536781609195
0.667313933372 0.536781609195
0.681573808193 0.536781609195
0.660942971706 0.540229885057
0.687645196915 0.536781609195
0.691046655178 0.536781609195
0.665925204754 0.537931034483
0.729811608791 0.53908045977
0.656226277351 0.695402298851
0.737215220928 0.536781609195
0.662062048912 0.598850574713
0.660315573215 0.705747126437
0.69165366888 0.547126436782
0.68949174881 0.605747126437
0.693277597427 0.703448275862
0.654704988003 0.711494252874
0.646173834801 0.716091954023
0.65865945816 0.72183908046
0.645273506641 0.72183908046
0.68320864439 0.720689655172
0.679336845875 0.701149425287
0.649923086166 0.694252873563
0.661665201187 0.690804597701
0.719303131104 0.685057471264
0.708034336567 0.688505747126
0.685078561306 0.711494252874
0.678858816624 0.719540229885
0.640622198582 0.706896551724
0.655247867107 0.712643678161
0.676629543304 0.712643678161
0.683076024055 0.536781609195
0.678549706936 0.536781609195
0.689500510693 0.536781609195
0.67388933897 0.536781609195
0.666079938412 0.697701149425
0.669297933578 0.536781609195
0.675390541553 0.536781609195
0.674286961555 0.536781609195
0.657803297043 0.53908045977
0.681522369385 0.540229885057
0.679803371429 0.708045977011
0.663677275181 0.701149425287
0.6810516119 0.691954022989
0.654557645321 0.706896551724
0.665673434734 0.709195402299
0.64475685358 0.719540229885
0.711590886116 0.702298850575
0.676420688629 0.7
0.686964094639 0.708045977011
0.67609590292 0.701149425287
0.668037116528 0.709195402299
0.683034718037 0.711494252874
0.630873739719 0.711494252874
0.630670785904 0.7
0.672996819019 0.714942528736
0.594132244587 0.709195402299
0.694000542164 0.703448275862
0.677860736847 0.605747126437
0.687722682953 0.703448275862
0.613277733326 0.677011494253
0.714393615723 0.711494252874
0.663575530052 0.719540229885
0.634091675282 0.686206896552
0.637403726578 0.709195402299
0.671657919884 0.697701149425
0.67714715004 0.679310344828
0.652804851532 0.722988505747
0.679152846336 0.71724137931
0.734533011913 0.705747126437
0.641701281071 0.720689655172
0.692318320274 0.712643678161
0.640562534332 0.720689655172
0.639848053455 0.708045977011
0.680882811546 0.718390804598
0.646158993244 0.714942528736
0.65701508522 0.718390804598
0.851556301117 0.695402298851
0.672837078571 0.719540229885
0.63398206234 0.67816091954
0.690670073032 0.714942528736
0.62770229578 0.725287356322
0.611084699631 0.720689655172
0.67884093523 0.711494252874
0.609552800655 0.731034482759
0.612391650677 0.719540229885
0.658437550068 0.642528735632
0.638504445553 0.722988505747
0.632632017136 0.716091954023
0.667422056198 0.702298850575
0.650761723518 0.701149425287
0.654463291168 0.725287356322
0.638554513454 0.72183908046
0.635051608086 0.720689655172
0.633127689362 0.719540229885
0.622636198997 0.726436781609
0.641660511494 0.725287356322
0.62461656332 0.725287356322
0.686164021492 0.727586206897
0.644408047199 0.728735632184
0.64387011528 0.731034482759
0.637209713459 0.733333333333
0.625275373459 0.727586206897
0.614523649216 0.735632183908
0.642830193043 0.731034482759
0.620867371559 0.724137931034
0.614080667496 0.726436781609
0.601799726486 0.720689655172
0.677706241608 0.725287356322
0.651057004929 0.733333333333
0.628198802471 0.72183908046
0.641643464565 0.735632183908
0.625155687332 0.722988505747
0.62977284193 0.735632183908
0.609079301357 0.727586206897
0.664279878139 0.726436781609
0.636289656162 0.727586206897
0.626997888088 0.731034482759
0.628244757652 0.729885057471
0.62882488966 0.733333333333
0.62067002058 0.727586206897
0.628342032433 0.735632183908
0.621889472008 0.733333333333
0.622981369495 0.734482758621
0.62900942564 0.729885057471
0.637157201767 0.729885057471
0.651842474937 0.736781609195
0.643221080303 0.737931034483
0.596315205097 0.726436781609
0.651682972908 0.729885057471
0.581896841526 0.731034482759
0.621582746506 0.737931034483
0.598491191864 0.734482758621
0.622540771961 0.732183908046
0.623529374599 0.733333333333
0.617828428745 0.737931034483
0.640463471413 0.735632183908
0.653393387794 0.719540229885
0.639518022537 0.726436781609
0.632510125637 0.714942528736
0.640843570232 0.705747126437
0.671252846718 0.727586206897
0.656726062298 0.728735632184
0.644635915756 0.742528735632
0.589155495167 0.731034482759
0.64333152771 0.732183908046
0.622335493565 0.731034482759
0.602872371674 0.724137931034
0.630278885365 0.728735632184
0.634997725487 0.727586206897
0.618405580521 0.733333333333
0.615377724171 0.728735632184
0.623752951622 0.734482758621
0.626252114773 0.725287356322
0.637885391712 0.729885057471
0.650075614452 0.729885057471
0.622365236282 0.731034482759
0.612641334534 0.731034482759
0.716809213161 0.71724137931
0.613494634628 0.725287356322
0.624408423901 0.734482758621
0.628278672695 0.741379310345
0.594424366951 0.737931034483
0.610119581223 0.735632183908
0.633633375168 0.729885057471
0.645998239517 0.712643678161
0.61705160141 0.732183908046
0.635044276714 0.71724137931
0.609491109848 0.733333333333
0.590202927589 0.734482758621
0.612867534161 0.736781609195
0.648857116699 0.733333333333
0.614087343216 0.733333333333
0.58379971981 0.729885057471
0.634246170521 0.736781609195
0.639447331429 0.733333333333
0.633612334728 0.728735632184
0.627000272274 0.732183908046
0.622064530849 0.728735632184
0.623101592064 0.726436781609
0.608029603958 0.729885057471
0.635752022266 0.732183908046
0.608852028847 0.729885057471
0.61640816927 0.731034482759
0.630167067051 0.733333333333
0.658157348633 0.732183908046
0.643515229225 0.728735632184
0.623620450497 0.744827586207
0.608733415604 0.742528735632
0.618017554283 0.741379310345
0.621121406555 0.732183908046
0.639333486557 0.73908045977
0.626059770584 0.736781609195
0.625828266144 0.733333333333
0.646661579609 0.736781609195
0.669870555401 0.713793103448
0.612919032574 0.735632183908
0.639034867287 0.734482758621
0.613040864468 0.734482758621
0.585893690586 0.742528735632
0.576958715916 0.729885057471
0.65435385704 0.727586206897
0.624489545822 0.731034482759
0.647942781448 0.73908045977
0.633255898952 0.731034482759
0.615116834641 0.712643678161
0.587857067585 0.727586206897
0.640620827675 0.741379310345
0.628328979015 0.73908045977
0.598659992218 0.735632183908
0.629494607449 0.734482758621
0.598450005054 0.728735632184
0.632431805134 0.73908045977
0.597707688808 0.719540229885
0.594476521015 0.732183908046
0.590425312519 0.733333333333
0.620306551456 0.74367816092
0.60989433527 0.741379310345
0.588345825672 0.734482758621
0.60442173481 0.735632183908
0.645845770836 0.722988505747
0.607761323452 0.733333333333
0.603712379932 0.720689655172
0.597574353218 0.691954022989
0.579636752605 0.726436781609
0.639839410782 0.734482758621
0.599201261997 0.735632183908
0.691590487957 0.710344827586
0.609804213047 0.734482758621
0.630470454693 0.732183908046
0.579126954079 0.731034482759
0.599036633968 0.728735632184
0.588293790817 0.726436781609
0.603214025497 0.733333333333
0.625998437405 0.733333333333
0.616612911224 0.736781609195
0.633440732956 0.742528735632
0.61552977562 0.735632183908
0.585834562778 0.732183908046
0.602271318436 0.736781609195
0.617043912411 0.733333333333
0.57749402523 0.73908045977
0.604034304619 0.727586206897
0.620289921761 0.733333333333
0.626455485821 0.727586206897
0.572920799255 0.733333333333
0.620051622391 0.744827586207
0.618618071079 0.729885057471
0.580623090267 0.734482758621
0.6060359478 0.732183908046
0.607799232006 0.716091954023
0.57941699028 0.734482758621
0.597841978073 0.736781609195
0.632386863232 0.726436781609
0.618776082993 0.736781609195
0.5895575881 0.736781609195
0.627740800381 0.729885057471
0.620682179928 0.73908045977
0.636585772038 0.726436781609
0.600672006607 0.731034482759
0.597296416759 0.729885057471
0.586192369461 0.737931034483
0.629863500595 0.727586206897
0.600443065166 0.729885057471
0.603662073612 0.72183908046
0.687738239765 0.726436781609
0.612667798996 0.732183908046
0.606166064739 0.735632183908
0.588200390339 0.737931034483
0.626317083836 0.736781609195
0.639955580235 0.729885057471
0.623674213886 0.731034482759
0.639641165733 0.732183908046
0.626589953899 0.734482758621
0.606326878071 0.735632183908
0.622561395168 0.741379310345
0.611428022385 0.729885057471
0.635989904404 0.735632183908
0.587270438671 0.729885057471
0.613782525063 0.732183908046
0.596359968185 0.731034482759
0.624207019806 0.731034482759
0.595397651196 0.74367816092
0.608568906784 0.73908045977
0.673861324787 0.729885057471
0.622941911221 0.736781609195
0.608511686325 0.728735632184
0.585840165615 0.736781609195
0.610676407814 0.73908045977
0.655973374844 0.731034482759
0.641679763794 0.722988505747
0.612954974174 0.727586206897
0.583637297153 0.726436781609
0.67060905695 0.733333333333
0.618507623672 0.735632183908
0.615638792515 0.741379310345
0.618062376976 0.733333333333
0.626342177391 0.734482758621
0.623631179333 0.737931034483
0.62210214138 0.732183908046
0.620219051838 0.740229885057
0.618123590946 0.73908045977
0.658202648163 0.736781609195
0.631103873253 0.737931034483
0.600704073906 0.734482758621
0.63857203722 0.732183908046
0.612002551556 0.725287356322
0.593393921852 0.729885057471
0.661665439606 0.731034482759
0.690353035927 0.734482758621
0.620105981827 0.732183908046
0.623354434967 0.731034482759
0.574113130569 0.736781609195
0.597652673721 0.736781609195
0.617609620094 0.732183908046
0.636309564114 0.737931034483
0.633786201477 0.728735632184
0.610058486462 0.725287356322
0.672032475471 0.727586206897
0.643123686314 0.736781609195
0.658374071121 0.726436781609
0.585354566574 0.734482758621
0.610164284706 0.748275862069
0.634077131748 0.726436781609
0.613541245461 0.734482758621
0.588716626167 0.734482758621
0.597525835037 0.733333333333
0.625058889389 0.731034482759
0.660933613777 0.734482758621
0.590829908848 0.720689655172
0.623009443283 0.726436781609
0.591520965099 0.73908045977
0.637497782707 0.727586206897
0.6136713624 0.725287356322
0.591580271721 0.735632183908
0.59183716774 0.733333333333
0.595238089561 0.729885057471
0.617715299129 0.720689655172
0.582446038723 0.725287356322
0.589608371258 0.725287356322
0.61159157753 0.72183908046
0.632528245449 0.72183908046
0.605915606022 0.736781609195
0.622085809708 0.706896551724
0.637407839298 0.716091954023
0.614324450493 0.736781609195
0.596930027008 0.737931034483
0.60968953371 0.735632183908
0.630638897419 0.729885057471
0.619773626328 0.727586206897
0.600243151188 0.728735632184
0.605001926422 0.732183908046
0.613366007805 0.734482758621
0.60942864418 0.733333333333
0.609540402889 0.731034482759
0.606548190117 0.736781609195
0.629647612572 0.737931034483
0.623968541622 0.737931034483
0.576988220215 0.733333333333
0.597965359688 0.716091954023
0.573611617088 0.729885057471
0.636417746544 0.742528735632
0.593520641327 0.734482758621
0.606921374798 0.731034482759
0.596330881119 0.734482758621
0.638883650303 0.733333333333
0.585492730141 0.733333333333
0.746744215488 0.716091954023
0.575896203518 0.737931034483
0.644775927067 0.735632183908
0.671480178833 0.732183908046
0.613680362701 0.728735632184
0.620616018772 0.724137931034
0.712342619896 0.732183908046
0.619504570961 0.734482758621
0.684514760971 0.732183908046
0.626996040344 0.716091954023
0.673206865788 0.729885057471
0.636156499386 0.732183908046
0.660148143768 0.732183908046
0.59849190712 0.731034482759
0.61580902338 0.732183908046
0.585708618164 0.735632183908
0.619648873806 0.742528735632
0.639882028103 0.728735632184
0.610446989536 0.736781609195
0.633508384228 0.71724137931
0.644212424755 0.728735632184
0.626804828644 0.732183908046
0.655510485172 0.733333333333
0.608807861805 0.733333333333
0.613273441792 0.731034482759
0.623922526836 0.73908045977
0.616642892361 0.735632183908
0.593996405602 0.71724137931
0.602942228317 0.727586206897
0.58450704813 0.726436781609
0.661355733871 0.729885057471
