0.69281411171 0.541379310345
0.693351924419 0.541379310345
0.693446218967 0.541379310345
0.699417173862 0.541379310345
0.690681397915 0.541379310345
0.677868902683 0.541379310345
0.658687353134 0.67816091954
0.636342227459 0.725287356322
0.58655667305 0.76091954023
0.54542940855 0.788505747126
0.525804102421 0.805747126437
0.534139871597 0.804597701149
0.507029235363 0.806896551724
0.471756070852 0.803448275862
0.445008665323 0.806896551724
0.456050872803 0.806896551724
0.455280125141 0.812643678161
0.472934216261 0.810344827586
0.495277047157 0.810344827586
0.450233191252 0.811494252874
0.434685558081 0.816091954023
0.439459204674 0.812643678161
0.475256919861 0.814942528736
0.519659519196 0.812643678161
0.484025001526 0.819540229885
0.405910670757 0.819540229885
0.430220961571 0.818390804598
0.425801962614 0.81724137931
0.414815604687 0.816091954023
0.424327045679 0.818390804598
0.464921981096 0.819540229885
0.438659965992 0.819540229885
0.423533529043 0.814942528736
0.42661511898 0.824137931034
0.450689852238 0.824137931034
0.449328660965 0.824137931034
0.449572324753 0.824137931034
0.430455505848 0.822988505747
0.440985381603 0.82183908046
0.413018375635 0.822988505747
0.408433616161 0.826436781609
0.415611624718 0.820689655172
0.414533913136 0.822988505747
0.480505764484 0.820689655172
0.404276162386 0.826436781609
0.424178093672 0.827586206897
0.457473158836 0.826436781609
0.461234360933 0.824137931034
0.432178407907 0.824137931034
0.430999904871 0.827586206897
0.428875118494 0.827586206897
0.411068826914 0.826436781609
0.415377080441 0.824137931034
0.378788530827 0.828735632184
0.402395784855 0.829885057471
0.388830691576 0.825287356322
0.376968353987 0.825287356322
0.412362068892 0.827586206897
0.39390617609 0.825287356322
0.402734845877 0.826436781609
0.39400935173 0.827586206897
0.412627309561 0.825287356322
0.382431030273 0.828735632184
0.401465833187 0.827586206897
0.421058744192 0.827586206897
0.380905687809 0.829885057471
0.36353328824 0.828735632184
0.422063142061 0.824137931034
0.383845508099 0.826436781609
0.407694667578 0.827586206897
0.421799570322 0.827586206897
0.403536140919 0.829885057471
0.405674904585 0.822988505747
0.406313121319 0.828735632184
0.429151922464 0.828735632184
0.407936811447 0.827586206897
0.412862420082 0.832183908046
0.392409414053 0.829885057471
0.38879314065 0.831034482759
0.3789460361 0.828735632184
0.400921553373 0.834482758621
0.374624103308 0.833333333333
0.383420407772 0.832183908046
0.395281195641 0.827586206897
0.41843059659 0.829885057471
0.389928966761 0.836781609195
0.378396272659 0.833333333333
0.408569723368 0.832183908046
0.389591515064 0.833333333333
0.396162390709 0.834482758621
0.339242249727 0.834482758621
0.410114139318 0.835632183908
0.393998980522 0.837931034483
0.39909568429 0.835632183908
0.403004556894 0.83908045977
0.390620201826 0.83908045977
0.417113304138 0.836781609195
0.403021961451 0.834482758621
0.442943751812 0.837931034483
0.365862071514 0.836781609195
0.384756535292 0.841379310345
0.38115388155 0.83908045977
0.422012150288 0.837931034483
0.33373606205 0.833333333333
0.430467009544 0.835632183908
0.382371932268 0.836781609195
0.391809016466 0.836781609195
0.407123535872 0.837931034483
0.441853374243 0.835632183908
0.400469124317 0.835632183908
0.415841698647 0.835632183908
0.409969776869 0.833333333333
0.392701864243 0.833333333333
0.416097104549 0.833333333333
0.373743444681 0.837931034483
0.394920617342 0.835632183908
0.351209074259 0.828735632184
0.435026824474 0.834482758621
0.419896274805 0.834482758621
0.367584496737 0.836781609195
0.414882391691 0.833333333333
0.39557993412 0.832183908046
0.393638312817 0.836781609195
0.387932181358 0.827586206897
0.404492944479 0.834482758621
0.381618350744 0.827586206897
0.368827849627 0.828735632184
0.362318724394 0.828735632184
0.35549134016 0.828735632184
0.379054307938 0.831034482759
0.375076562166 0.828735632184
0.376214534044 0.831034482759
0.380040436983 0.833333333333
0.396947681904 0.827586206897
0.349196732044 0.825287356322
0.38221102953 0.826436781609
0.383905142546 0.826436781609
0.354674637318 0.828735632184
0.353848457336 0.829885057471
0.376536518335 0.836781609195
0.387164622545 0.827586206897
0.363682925701 0.833333333333
0.36156886816 0.826436781609
0.40151283145 0.827586206897
0.413130611181 0.833333333333
0.367262452841 0.831034482759
0.367103219032 0.827586206897
0.362183690071 0.833333333333
0.389698892832 0.827586206897
0.380942881107 0.827586206897
0.373691052198 0.829885057471
0.387777686119 0.837931034483
0.385670930147 0.833333333333
0.380339026451 0.835632183908
0.36321541667 0.829885057471
0.36187171936 0.831034482759
0.406806588173 0.836781609195
0.374046891928 0.836781609195
0.36259123683 0.834482758621
0.361110836267 0.836781609195
0.348940014839 0.835632183908
0.338107645512 0.840229885057
0.360660433769 0.836781609195
0.348574519157 0.829885057471
0.386283457279 0.834482758621
0.368649184704 0.837931034483
0.329124689102 0.832183908046
0.364022642374 0.837931034483
0.354136288166 0.836781609195
0.381858438253 0.836781609195
0.395632565022 0.833333333333
0.365787804127 0.833333333333
0.37704449892 0.836781609195
0.370572268963 0.83908045977
0.381565541029 0.835632183908
0.341953635216 0.835632183908
0.352959752083 0.837931034483
0.394857913256 0.837931034483
0.370563477278 0.835632183908
0.318062871695 0.836781609195
0.400525599718 0.837931034483
0.342695266008 0.832183908046
0.390521913767 0.837931034483
0.355580091476 0.83908045977
0.36207023263 0.840229885057
0.359857201576 0.840229885057
0.334731072187 0.836781609195
0.357730865479 0.83908045977
0.38736769557 0.83908045977
0.357489019632 0.835632183908
0.347733050585 0.840229885057
0.346107631922 0.834482758621
0.348070442677 0.835632183908
0.335073292255 0.83908045977
0.349514365196 0.836781609195
0.399666011333 0.83908045977
0.345559388399 0.833333333333
0.351344823837 0.835632183908
0.336340099573 0.841379310345
0.331261485815 0.836781609195
0.332464456558 0.841379310345
0.369346797466 0.83908045977
0.357446551323 0.837931034483
0.3521309793 0.837931034483
0.33847540617 0.836781609195
0.365370631218 0.842528735632
0.368055045605 0.841379310345
0.33364880085 0.837931034483
0.36090785265 0.837931034483
0.357200741768 0.834482758621
0.381385445595 0.835632183908
0.336498349905 0.836781609195
0.345755040646 0.835632183908
0.389969825745 0.836781609195
0.356417298317 0.832183908046
0.369863599539 0.841379310345
0.345197767019 0.835632183908
0.35528087616 0.84367816092
0.3699401021 0.836781609195
0.307146847248 0.835632183908
0.365790754557 0.835632183908
0.295696228743 0.841379310345
0.327062249184 0.831034482759
0.360568016768 0.836781609195
0.360009759665 0.83908045977
0.328206568956 0.834482758621
0.363509744406 0.832183908046
0.362412542105 0.83908045977
0.390472382307 0.836781609195
0.355161815882 0.836781609195
0.394085019827 0.837931034483
0.345794945955 0.834482758621
0.334630191326 0.836781609195
0.369324862957 0.835632183908
0.331294208765 0.836781609195
0.318807244301 0.841379310345
0.361599892378 0.83908045977
0.337823629379 0.841379310345
0.328710019588 0.845977011494
0.35515037179 0.836781609195
0.299197852612 0.840229885057
0.347617596388 0.837931034483
0.356107026339 0.840229885057
0.337990492582 0.83908045977
0.344897955656 0.836781609195
0.353963941336 0.840229885057
0.353686481714 0.840229885057
0.321310609579 0.836781609195
0.319443106651 0.83908045977
0.351902663708 0.833333333333
0.345159888268 0.842528735632
0.310095876455 0.841379310345
0.350610435009 0.836781609195
0.31873229146 0.836781609195
0.354087471962 0.845977011494
0.342943042517 0.834482758621
0.361282587051 0.840229885057
0.321881830692 0.829885057471
0.307376265526 0.837931034483
0.379369974136 0.841379310345
0.373634636402 0.837931034483
0.322780042887 0.840229885057
0.328146845102 0.840229885057
0.3241276443 0.834482758621
0.389454573393 0.840229885057
0.348776221275 0.83908045977
0.326697200537 0.840229885057
0.35674867034 0.833333333333
0.330988317728 0.833333333333
0.311399251223 0.841379310345
0.339622616768 0.840229885057
0.309993803501 0.835632183908
0.293972373009 0.835632183908
0.323506116867 0.840229885057
0.340813189745 0.837931034483
0.289557486773 0.840229885057
0.334160536528 0.83908045977
0.34806868434 0.841379310345
0.338196873665 0.834482758621
0.346338868141 0.83908045977
0.352138698101 0.841379310345
0.335293620825 0.834482758621
0.336647152901 0.83908045977
0.345703154802 0.832183908046
0.378086358309 0.837931034483
0.338980823755 0.837931034483
0.303792506456 0.83908045977
0.328524053097 0.831034482759
0.340029060841 0.842528735632
0.314757734537 0.835632183908
0.335208714008 0.837931034483
0.299851387739 0.833333333333
0.351617664099 0.833333333333
0.327298551798 0.831034482759
0.393372565508 0.84367816092
0.352419257164 0.835632183908
0.361327439547 0.83908045977
0.347532987595 0.833333333333
0.339680165052 0.834482758621
0.341704189777 0.835632183908
0.306177854538 0.833333333333
0.344282269478 0.836781609195
0.320196419954 0.832183908046
0.343478113413 0.828735632184
0.314976513386 0.824137931034
0.34083044529 0.833333333333
0.315641522408 0.833333333333
0.338802874088 0.828735632184
0.319165587425 0.828735632184
0.329787701368 0.829885057471
0.319755464792 0.832183908046
0.325253993273 0.83908045977
0.327484130859 0.828735632184
0.27553704381 0.836781609195
0.308144062757 0.837931034483
0.274771511555 0.828735632184
0.357897371054 0.829885057471
0.327273249626 0.834482758621
0.356208443642 0.834482758621
0.332261949778 0.831034482759
0.386162251234 0.828735632184
0.292020857334 0.836781609195
0.341474980116 0.833333333333
0.309933960438 0.826436781609
0.322272330523 0.837931034483
0.285817265511 0.829885057471
0.285716414452 0.829885057471
0.309605151415 0.828735632184
0.352429568768 0.827586206897
0.369787752628 0.825287356322
0.291041046381 0.828735632184
0.338862389326 0.826436781609
0.328141629696 0.834482758621
0.315919846296 0.827586206897
0.313141405582 0.833333333333
0.310914337635 0.829885057471
0.32982006669 0.826436781609
0.371261566877 0.833333333333
0.277587801218 0.829885057471
0.35789847374 0.83908045977
0.279522299767 0.82183908046
0.302790403366 0.826436781609
0.330655455589 0.832183908046
0.296781420708 0.828735632184
0.318523287773 0.832183908046
0.297977149487 0.832183908046
0.307872921228 0.834482758621
0.305605053902 0.828735632184
0.302480876446 0.833333333333
0.299163550138 0.819540229885
0.355105042458 0.829885057471
0.322990268469 0.835632183908
0.349168121815 0.833333333333
0.282553911209 0.827586206897
0.315941423178 0.833333333333
0.312655001879 0.819540229885
0.313720732927 0.837931034483
0.299132853746 0.824137931034
0.338528543711 0.831034482759
0.337702214718 0.822988505747
0.333320051432 0.819540229885
0.333452761173 0.832183908046
0.293943375349 0.832183908046
0.328885763884 0.827586206897
0.298801064491 0.825287356322
0.333934009075 0.829885057471
0.302744030952 0.828735632184
0.330503076315 0.822988505747
0.287520796061 0.833333333333
0.326895624399 0.833333333333
0.333057016134 0.829885057471
0.323398470879 0.822988505747
0.345647007227 0.831034482759
0.356852799654 0.819540229885
0.33204472065 0.828735632184
0.353461652994 0.836781609195
0.315910041332 0.809195402299
0.31450548768 0.833333333333
0.270376175642 0.822988505747
0.32312977314 0.824137931034
0.301815509796 0.824137931034
0.315290749073 0.833333333333
0.278498470783 0.816091954023
0.346049666405 0.825287356322
0.289909183979 0.822988505747
0.336064845324 0.832183908046
0.307124435902 0.818390804598
0.310258895159 0.827586206897
0.320335537195 0.824137931034
0.311259627342 0.826436781609
0.35732910037 0.828735632184
0.286922544241 0.820689655172
0.310677617788 0.831034482759
0.319427877665 0.818390804598
0.266524016857 0.833333333333
0.289058983326 0.819540229885
0.301199525595 0.820689655172
0.286572813988 0.814942528736
0.304552793503 0.819540229885
0.285152077675 0.825287356322
0.351421952248 0.818390804598
0.315063983202 0.820689655172
0.314199894667 0.824137931034
0.313424378633 0.837931034483
0.276681303978 0.81724137931
0.308876484632 0.812643678161
0.277674585581 0.829885057471
0.329307168722 0.831034482759
0.335094839334 0.819540229885
0.3241096735 0.82183908046
0.331275373697 0.826436781609
0.319307714701 0.818390804598
0.326155394316 0.835632183908
0.334664881229 0.818390804598
0.349411576986 0.82183908046
0.301300734282 0.831034482759
0.27936065197 0.82183908046
0.2886069417 0.819540229885
0.33611869812 0.822988505747
0.31007578969 0.814942528736
0.285254091024 0.81724137931
0.33246871829 0.819540229885
0.282340496778 0.82183908046
0.333386868238 0.831034482759
0.312677562237 0.826436781609
0.316435784101 0.828735632184
0.26264706254 0.824137931034
0.281617939472 0.816091954023
0.330030143261 0.82183908046
0.319630116224 0.820689655172
0.303204298019 0.820689655172
0.276711761951 0.811494252874
0.297650396824 0.816091954023
0.361073940992 0.820689655172
0.311990886927 0.82183908046
0.309604942799 0.814942528736
0.33308956027 0.813793103448
0.296519041061 0.814942528736
0.300855845213 0.819540229885
0.272783815861 0.814942528736
0.30371338129 0.818390804598
0.268184274435 0.820689655172
0.341984599829 0.81724137931
0.281541734934 0.814942528736
0.30925360322 0.82183908046
0.319195628166 0.814942528736
0.308485955 0.816091954023
0.323780417442 0.814942528736
0.260144501925 0.825287356322
0.314058244228 0.820689655172
0.299163371325 0.825287356322
0.327329546213 0.82183908046
0.295807808638 0.820689655172
0.311225801706 0.820689655172
0.301360994577 0.827586206897
0.346431285143 0.827586206897
0.262881994247 0.819540229885
0.280633211136 0.812643678161
0.3280993402 0.819540229885
0.311646908522 0.820689655172
0.306968331337 0.818390804598
0.303344130516 0.814942528736
0.298098415136 0.820689655172
0.322397917509 0.829885057471
0.294170707464 0.825287356322
0.318337142467 0.82183908046
0.293816953897 0.819540229885
0.317651629448 0.82183908046
0.311192959547 0.811494252874
0.297229260206 0.819540229885
0.279489696026 0.82183908046
0.304925173521 0.81724137931
0.297840982676 0.824137931034
0.324808388948 0.813793103448
0.307418584824 0.819540229885
0.325734913349 0.816091954023
0.281483262777 0.814942528736
0.292744904757 0.818390804598
0.284738183022 0.81724137931
0.319236814976 0.822988505747
0.338544040918 0.827586206897
0.328111827374 0.812643678161
0.307068020105 0.814942528736
0.301766991615 0.824137931034
0.30812600255 0.824137931034
0.27054271102 0.822988505747
0.294143021107 0.825287356322
0.306191891432 0.826436781609
0.342725098133 0.824137931034
0.30264416337 0.82183908046
0.307911902666 0.831034482759
0.277708947659 0.819540229885
0.305790066719 0.818390804598
0.327971458435 0.824137931034
0.29098379612 0.82183908046
0.329304933548 0.828735632184
0.284496426582 0.819540229885
0.288273215294 0.818390804598
0.269471257925 0.812643678161
0.286229848862 0.822988505747
