0.656689584255 0.764367816092
0.485778719187 0.720689655172
0.476545482874 0.790804597701
0.428151965141 0.802298850575
0.46441707015 0.801149425287
0.459998220205 0.806896551724
0.447939187288 0.794252873563
0.407930344343 0.819540229885
0.470505297184 0.824137931034
0.427811175585 0.825287356322
0.404180437326 0.82183908046
0.479124486446 0.825287356322
0.427357435226 0.824137931034
0.397349208593 0.819540229885
0.398033052683 0.831034482759
0.426520913839 0.827586206897
0.415845781565 0.812643678161
0.420897215605 0.824137931034
0.449350476265 0.818390804598
0.406643748283 0.824137931034
0.38986992836 0.829885057471
0.370829761028 0.828735632184
0.408437728882 0.831034482759
0.410590976477 0.831034482759
0.391552120447 0.826436781609
0.377551466227 0.826436781609
0.359996259212 0.833333333333
0.368067294359 0.831034482759
0.394433557987 0.832183908046
0.374318629503 0.831034482759
0.364680022001 0.841379310345
0.36124175787 0.824137931034
0.369162678719 0.831034482759
0.396991372108 0.826436781609
0.406213998795 0.837931034483
0.376652598381 0.832183908046
0.40943095088 0.828735632184
0.349568754435 0.835632183908
0.40153798461 0.832183908046
0.394891321659 0.833333333333
0.365625470877 0.828735632184
0.368657529354 0.832183908046
0.385131061077 0.828735632184
0.379691004753 0.834482758621
0.35451489687 0.837931034483
0.376687049866 0.834482758621
0.37164619565 0.83908045977
0.338849365711 0.837931034483
0.344856709242 0.83908045977
0.383032560349 0.837931034483
