0.667702794075 0.540229885057
0.661850035191 0.540229885057
0.649352490902 0.540229885057
0.631317853928 0.568965517241
0.58224260807 0.703448275862
0.569281339645 0.777011494253
0.570363044739 0.813793103448
0.493666917086 0.81724137931
0.499982178211 0.819540229885
0.480859875679 0.816091954023
0.525910913944 0.820689655172
0.487247735262 0.82183908046
0.474118471146 0.825287356322
0.472337692976 0.818390804598
0.45971724391 0.82183908046
0.466831207275 0.824137931034
0.455625146627 0.819540229885
0.469869226217 0.82183908046
0.450641930103 0.827586206897
0.483700931072 0.832183908046
0.41307580471 0.822988505747
0.458990126848 0.828735632184
0.425505876541 0.834482758621
0.400803536177 0.827586206897
0.41162365675 0.827586206897
0.406694531441 0.831034482759
0.417418837547 0.829885057471
0.43973210454 0.827586206897
0.418686896563 0.822988505747
0.394330054522 0.819540229885
0.406041800976 0.827586206897
0.390735626221 0.82183908046
0.40808185935 0.819540229885
0.460536718369 0.822988505747
0.409552961588 0.820689655172
0.39599364996 0.826436781609
0.393274575472 0.825287356322
0.40264621377 0.82183908046
0.392763674259 0.825287356322
0.405044734478 0.833333333333
0.412080198526 0.826436781609
0.387824892998 0.828735632184
0.399289429188 0.82183908046
0.391375273466 0.828735632184
0.372455865145 0.824137931034
0.417636424303 0.824137931034
0.396788418293 0.819540229885
0.392831891775 0.833333333333
0.35698017478 0.825287356322
0.375872790813 0.820689655172
0.381086915731 0.824137931034
0.364055484533 0.828735632184
0.357821732759 0.825287356322
0.397675931454 0.82183908046
0.377845317125 0.829885057471
0.36043804884 0.831034482759
0.382608860731 0.827586206897
0.354392230511 0.832183908046
0.37526139617 0.841379310345
0.394016712904 0.831034482759
0.394809365273 0.831034482759
0.369822114706 0.833333333333
0.353794813156 0.829885057471
0.39110866189 0.831034482759
0.39493727684 0.827586206897
0.333911091089 0.834482758621
0.372467428446 0.828735632184
0.352441072464 0.842528735632
0.38389095664 0.828735632184
0.384149700403 0.842528735632
0.370271772146 0.833333333333
0.328913450241 0.833333333333
0.352475732565 0.826436781609
0.324360847473 0.824137931034
0.350366473198 0.835632183908
0.387617707253 0.824137931034
0.356379747391 0.836781609195
0.338390260935 0.840229885057
0.338129132986 0.833333333333
0.367450296879 0.835632183908
0.337852776051 0.836781609195
0.349607378244 0.829885057471
0.37313118577 0.819540229885
0.344432592392 0.840229885057
0.359736025333 0.828735632184
0.38283187151 0.835632183908
0.324522256851 0.842528735632
0.353261440992 0.822988505747
0.360763847828 0.840229885057
0.373222947121 0.826436781609
0.385815531015 0.825287356322
0.361778557301 0.836781609195
0.336658388376 0.836781609195
0.341044306755 0.83908045977
0.369872689247 0.832183908046
0.349535405636 0.831034482759
0.393299072981 0.827586206897
0.316515654325 0.832183908046
0.36052647233 0.831034482759
0.333651155233 0.834482758621
0.366087079048 0.837931034483
0.364747166634 0.834482758621
0.31147646904 0.834482758621
0.371941298246 0.824137931034
0.326403200626 0.831034482759
0.316075891256 0.833333333333
0.337494581938 0.827586206897
0.31448251009 0.828735632184
0.285283356905 0.833333333333
0.369446724653 0.832183908046
0.350594937801 0.829885057471
0.323278605938 0.832183908046
0.357717961073 0.832183908046
0.363691180944 0.827586206897
0.33038815856 0.837931034483
0.336015880108 0.831034482759
0.33697527647 0.828735632184
0.32261505723 0.836781609195
0.348821789026 0.828735632184
0.321707427502 0.833333333333
0.339270859957 0.832183908046
0.302642256021 0.836781609195
0.342507779598 0.834482758621
0.318613111973 0.834482758621
0.315755158663 0.832183908046
0.304969578981 0.827586206897
0.357402145863 0.837931034483
0.302262216806 0.837931034483
0.319200783968 0.836781609195
0.349812954664 0.827586206897
0.332402080297 0.826436781609
0.312251925468 0.833333333333
0.289062201977 0.835632183908
0.358490407467 0.831034482759
0.318067967892 0.83908045977
0.357756644487 0.82183908046
0.341392546892 0.826436781609
0.328939139843 0.828735632184
0.325927972794 0.828735632184
0.346408128738 0.818390804598
0.404730945826 0.825287356322
0.291413217783 0.835632183908
0.331649661064 0.835632183908
0.319255888462 0.835632183908
0.323756307364 0.833333333333
0.307058751583 0.828735632184
0.320495307446 0.82183908046
0.316863179207 0.831034482759
0.339108735323 0.832183908046
0.294346570969 0.831034482759
0.316986739635 0.836781609195
0.338575333357 0.833333333333
0.320403069258 0.82183908046
0.314466327429 0.831034482759
0.317366212606 0.832183908046
0.311354339123 0.832183908046
0.293386220932 0.841379310345
0.327100872993 0.836781609195
0.333614945412 0.835632183908
0.35569024086 0.836781609195
0.31117862463 0.836781609195
0.317873895168 0.833333333333
0.310461133718 0.828735632184
0.280016750097 0.834482758621
0.294009387493 0.829885057471
0.317551612854 0.83908045977
0.342949867249 0.826436781609
0.275143653154 0.844827586207
0.370495706797 0.826436781609
0.337679415941 0.828735632184
0.305784642696 0.831034482759
0.300553530455 0.822988505747
0.328770279884 0.825287356322
0.332086712122 0.829885057471
0.340043067932 0.832183908046
0.287738502026 0.827586206897
0.331460386515 0.831034482759
0.310791432858 0.835632183908
0.319783687592 0.831034482759
0.309598743916 0.835632183908
0.3005233109 0.833333333333
0.346119880676 0.826436781609
0.303667664528 0.837931034483
0.318211853504 0.827586206897
0.307597994804 0.83908045977
0.300400644541 0.834482758621
0.340070486069 0.833333333333
0.312831789255 0.831034482759
0.293640583754 0.826436781609
0.303921937943 0.83908045977
0.320744097233 0.822988505747
0.293663740158 0.834482758621
0.311247467995 0.833333333333
0.276039004326 0.826436781609
0.324696540833 0.828735632184
0.317683130503 0.822988505747
0.333046257496 0.831034482759
0.288670510054 0.834482758621
0.333172649145 0.825287356322
0.311569094658 0.837931034483
0.273043096066 0.836781609195
0.290106862783 0.832183908046
0.284232378006 0.831034482759
0.312069505453 0.831034482759
0.302165597677 0.829885057471
0.338811099529 0.825287356322
0.320386648178 0.828735632184
0.293475657701 0.834482758621
0.305415332317 0.834482758621
0.288649916649 0.825287356322
0.326406300068 0.833333333333
0.30146214366 0.829885057471
0.286071896553 0.824137931034
0.319511055946 0.826436781609
0.337568581104 0.827586206897
0.327924966812 0.829885057471
0.304478824139 0.834482758621
0.299878656864 0.831034482759
0.26210013032 0.836781609195
0.284440875053 0.835632183908
0.287929981947 0.834482758621
0.299113094807 0.826436781609
0.311552286148 0.837931034483
0.297226667404 0.834482758621
0.311165630817 0.841379310345
0.26143848896 0.831034482759
0.294464409351 0.826436781609
0.269864946604 0.834482758621
0.284716784954 0.834482758621
0.330681800842 0.835632183908
0.339887470007 0.836781609195
0.32065191865 0.829885057471
0.345840096474 0.831034482759
0.3178139925 0.827586206897
0.307309538126 0.829885057471
0.290711581707 0.829885057471
0.278214901686 0.829885057471
0.291337192059 0.831034482759
0.328838229179 0.826436781609
0.29734531045 0.833333333333
0.291671723127 0.834482758621
0.29472002387 0.828735632184
0.270439535379 0.829885057471
0.326683610678 0.835632183908
0.294193267822 0.834482758621
0.289678305387 0.835632183908
0.291811466217 0.826436781609
0.328679591417 0.835632183908
0.312172472477 0.835632183908
0.31867235899 0.826436781609
0.318882733583 0.82183908046
0.326572060585 0.836781609195
0.278901100159 0.837931034483
0.278954297304 0.836781609195
0.294251859188 0.837931034483
0.307747006416 0.829885057471
0.285492658615 0.832183908046
0.278908282518 0.834482758621
0.281958550215 0.833333333333
0.34910556674 0.837931034483
0.270161986351 0.835632183908
0.296401202679 0.834482758621
0.319548517466 0.831034482759
0.308452099562 0.827586206897
0.29744502902 0.835632183908
0.286216467619 0.832183908046
0.27308255434 0.827586206897
0.268225759268 0.820689655172
0.311237841845 0.826436781609
0.290629476309 0.826436781609
0.302795469761 0.835632183908
0.295776247978 0.841379310345
0.320762187243 0.828735632184
0.281323254108 0.82183908046
0.308272451162 0.835632183908
0.347573548555 0.826436781609
0.289408117533 0.824137931034
0.314420580864 0.831034482759
0.299732774496 0.837931034483
0.315982252359 0.836781609195
0.266077816486 0.832183908046
0.324472337961 0.833333333333
0.33996245265 0.835632183908
0.26669895649 0.840229885057
0.290986150503 0.833333333333
0.281809896231 0.834482758621
0.281635373831 0.835632183908
0.300418525934 0.832183908046
0.280987620354 0.82183908046
0.270778685808 0.836781609195
0.296856045723 0.834482758621
0.312630206347 0.832183908046
0.289168477058 0.826436781609
0.273899376392 0.822988505747
0.273450255394 0.827586206897
0.273810476065 0.833333333333
0.329015910625 0.826436781609
0.345564752817 0.84367816092
0.275578558445 0.832183908046
0.292620480061 0.829885057471
0.292932599783 0.831034482759
0.322029292583 0.831034482759
0.268136292696 0.832183908046
0.314165085554 0.837931034483
0.317693829536 0.841379310345
0.307528167963 0.840229885057
0.340156137943 0.836781609195
0.277343600988 0.834482758621
0.266253143549 0.835632183908
0.261898070574 0.841379310345
0.305567711592 0.83908045977
0.284940361977 0.829885057471
0.262831896544 0.828735632184
0.26661452651 0.827586206897
0.268429517746 0.822988505747
0.259134739637 0.832183908046
0.298476666212 0.84367816092
0.316257327795 0.828735632184
0.32225510478 0.837931034483
0.30941209197 0.834482758621
0.290335744619 0.820689655172
0.293915241957 0.835632183908
0.277088999748 0.834482758621
0.304889142513 0.826436781609
0.308005899191 0.829885057471
0.328610807657 0.829885057471
0.254097878933 0.837931034483
0.3250669837 0.841379310345
0.259946465492 0.841379310345
0.280983448029 0.835632183908
0.330287516117 0.835632183908
0.267108410597 0.835632183908
0.27525433898 0.834482758621
0.267615228891 0.827586206897
0.271458864212 0.841379310345
0.266588240862 0.835632183908
0.252272725105 0.829885057471
0.270152628422 0.824137931034
0.295379221439 0.833333333333
0.249245226383 0.837931034483
0.308155864477 0.824137931034
0.288251459599 0.827586206897
0.273666322231 0.835632183908
0.251389503479 0.833333333333
0.272979915142 0.831034482759
0.311215043068 0.831034482759
0.278640508652 0.836781609195
0.263020545244 0.835632183908
0.28770250082 0.833333333333
0.312520027161 0.840229885057
0.287523955107 0.835632183908
0.294447183609 0.834482758621
0.314532250166 0.831034482759
0.280823886395 0.834482758621
0.293227881193 0.836781609195
0.286100625992 0.837931034483
0.306405544281 0.827586206897
0.296600371599 0.820689655172
0.272142499685 0.836781609195
0.26582249999 0.834482758621
0.274947613478 0.826436781609
0.322993278503 0.827586206897
0.287880539894 0.833333333333
0.294193446636 0.834482758621
0.306832224131 0.831034482759
0.288536429405 0.842528735632
0.301319122314 0.83908045977
0.292651206255 0.831034482759
0.270391017199 0.835632183908
0.267671555281 0.836781609195
0.278382152319 0.829885057471
0.281430661678 0.84367816092
0.283043473959 0.827586206897
0.305977463722 0.826436781609
0.283498555422 0.826436781609
0.258302032948 0.836781609195
0.289504766464 0.841379310345
0.288752317429 0.840229885057
0.285026967525 0.832183908046
0.275085538626 0.835632183908
0.262659579515 0.835632183908
0.274413526058 0.835632183908
0.30452439189 0.822988505747
0.280201077461 0.827586206897
0.27376011014 0.836781609195
0.307524681091 0.841379310345
0.307051420212 0.828735632184
0.254748463631 0.828735632184
0.262828111649 0.831034482759
0.274664908648 0.833333333333
0.279112160206 0.837931034483
0.323654294014 0.832183908046
0.267369866371 0.832183908046
0.305555164814 0.825287356322
0.270693123341 0.83908045977
0.28217279911 0.836781609195
0.273872435093 0.832183908046
0.298444956541 0.831034482759
0.283861935139 0.835632183908
0.256974518299 0.840229885057
0.315336495638 0.832183908046
0.266126394272 0.837931034483
0.297765702009 0.836781609195
0.282299160957 0.836781609195
0.303623855114 0.835632183908
0.295773327351 0.841379310345
0.266362011433 0.84367816092
0.280759215355 0.834482758621
0.300992995501 0.831034482759
0.259509056807 0.84367816092
0.292480826378 0.840229885057
0.288595795631 0.83908045977
0.294432759285 0.828735632184
0.251122564077 0.837931034483
0.29747185111 0.841379310345
0.299862056971 0.841379310345
0.300020486116 0.833333333333
0.281505852938 0.835632183908
0.254534482956 0.832183908046
0.398525595665 0.832183908046
0.321373552084 0.836781609195
0.245961099863 0.833333333333
0.25275143981 0.834482758621
0.289034932852 0.840229885057
0.292419135571 0.837931034483
0.257735788822 0.829885057471
0.302013725042 0.841379310345
0.272718399763 0.83908045977
0.294119715691 0.827586206897
0.290025860071 0.835632183908
0.271804720163 0.835632183908
0.26247471571 0.835632183908
0.254506528378 0.834482758621
0.27349960804 0.837931034483
0.281707257032 0.832183908046
0.291040509939 0.835632183908
0.285078763962 0.828735632184
0.246588721871 0.831034482759
0.296948939562 0.837931034483
0.30626642704 0.837931034483
0.300603538752 0.833333333333
0.270447909832 0.840229885057
0.290459036827 0.835632183908
0.291280716658 0.834482758621
0.245523571968 0.840229885057
0.265615493059 0.835632183908
0.305394887924 0.831034482759
0.273434609175 0.84367816092
0.254672795534 0.835632183908
0.29868209362 0.83908045977
0.289416790009 0.840229885057
0.252837270498 0.833333333333
0.298601925373 0.827586206897
0.29002353549 0.83908045977
0.267035365105 0.833333333333
0.233385905623 0.837931034483
0.266537606716 0.832183908046
0.279174178839 0.841379310345
0.265784651041 0.832183908046
0.326403230429 0.833333333333
0.280579328537 0.847126436782
0.285765588284 0.828735632184
0.285952061415 0.829885057471
0.25795468688 0.840229885057
0.237655997276 0.835632183908
0.291901886463 0.83908045977
0.272033631802 0.833333333333
0.242435976863 0.83908045977
0.25686571002 0.832183908046
0.260004431009 0.836781609195
0.306711137295 0.833333333333
0.251819252968 0.836781609195
0.249773919582 0.834482758621
0.274135768414 0.836781609195
0.337681740522 0.842528735632
0.275324344635 0.829885057471
0.246657937765 0.841379310345
0.273847132921 0.841379310345
0.251811236143 0.834482758621
0.31046128273 0.83908045977
0.285926163197 0.84367816092
0.284072697163 0.840229885057
0.280786633492 0.831034482759
0.266614824533 0.835632183908
0.231834053993 0.834482758621
0.255349874496 0.832183908046
0.304367810488 0.832183908046
0.286580145359 0.835632183908
0.254931509495 0.83908045977
0.238793358207 0.832183908046
0.312497258186 0.835632183908
0.224388793111 0.844827586207
0.235358670354 0.836781609195
0.254601955414 0.834482758621
0.258503139019 0.837931034483
0.265566766262 0.826436781609
0.248054757714 0.842528735632
0.27928853035 0.834482758621
0.309171050787 0.833333333333
0.289079010487 0.837931034483
