0.595810174942 0.703448275862
0.592774450779 0.72183908046
0.542646706104 0.726436781609
0.516289591789 0.731034482759
0.51288163662 0.74367816092
0.525947928429 0.752873563218
0.512313067913 0.747126436782
0.478569716215 0.76091954023
0.491256892681 0.762068965517
0.465288877487 0.774712643678
0.485287696123 0.750574712644
0.504717886448 0.77816091954
0.48441901803 0.786206896552
0.485303789377 0.789655172414
0.457594186068 0.783908045977
0.458442419767 0.774712643678
0.473284810781 0.781609195402
0.437799841166 0.780459770115
0.472999989986 0.771264367816
0.464647561312 0.772413793103
0.456652373075 0.758620689655
0.456690698862 0.77816091954
0.528681457043 0.765517241379
0.468074500561 0.8
0.40790104866 0.786206896552
0.443455457687 0.793103448276
0.447322249413 0.791954022989
0.453718215227 0.781609195402
0.485876530409 0.788505747126
0.452323079109 0.796551724138
0.466514706612 0.783908045977
0.416705906391 0.808045977011
0.43343681097 0.785057471264
0.437578439713 0.798850574713
0.429456800222 0.772413793103
0.447703927755 0.775862068966
0.410146176815 0.791954022989
0.400339484215 0.786206896552
0.41453269124 0.780459770115
0.425762891769 0.789655172414
0.420949101448 0.794252873563
0.4447696805 0.766666666667
0.443597078323 0.794252873563
0.419554322958 0.801149425287
0.418094485998 0.795402298851
0.49504250288 0.764367816092
0.449226677418 0.780459770115
0.41799274087 0.8
0.436493694782 0.812643678161
0.430921822786 0.797701149425
0.447723269463 0.787356321839
0.410464137793 0.783908045977
0.417201697826 0.803448275862
0.400679022074 0.791954022989
0.404026836157 0.786206896552
0.418980687857 0.805747126437
0.421658933163 0.786206896552
0.429611802101 0.794252873563
0.430007755756 0.779310344828
0.448236107826 0.768965517241
0.450414747 0.789655172414
0.41811171174 0.791954022989
0.43559256196 0.781609195402
0.446074932814 0.793103448276
0.397240102291 0.806896551724
0.444032907486 0.77816091954
0.397997349501 0.786206896552
0.425799250603 0.78275862069
0.4178596735 0.8
0.427606552839 0.797701149425
0.414790928364 0.801149425287
0.384740412235 0.789655172414
0.419263422489 0.786206896552
0.357583045959 0.789655172414
0.393181294203 0.806896551724
0.404552340508 0.793103448276
0.384137302637 0.8
0.379034996033 0.8
0.467833131552 0.726436781609
0.455377012491 0.758620689655
0.407156825066 0.808045977011
0.427231431007 0.795402298851
0.407233387232 0.794252873563
0.425705194473 0.766666666667
0.435135126114 0.794252873563
0.433317571878 0.777011494253
0.410504430532 0.809195402299
0.397116243839 0.798850574713
0.398186951876 0.780459770115
0.402389496565 0.775862068966
0.395055860281 0.804597701149
0.433331251144 0.766666666667
0.424095720053 0.791954022989
0.39681583643 0.796551724138
0.401582717896 0.791954022989
0.421029478312 0.772413793103
0.408055275679 0.802298850575
0.435931056738 0.803448275862
0.352344661951 0.790804597701
0.446539729834 0.779310344828
0.414472967386 0.781609195402
0.423467993736 0.745977011494
0.438086241484 0.796551724138
0.354439646006 0.787356321839
0.395977467299 0.808045977011
0.407190352678 0.797701149425
0.427691072226 0.794252873563
0.394781500101 0.794252873563
0.386784464121 0.796551724138
0.397907823324 0.794252873563
0.434082478285 0.777011494253
0.350468456745 0.787356321839
0.395007044077 0.8
0.431144058704 0.796551724138
0.357942551374 0.794252873563
0.394131660461 0.780459770115
0.403281629086 0.8
0.430036991835 0.788505747126
0.384306490421 0.8
0.38388261199 0.796551724138
0.361588388681 0.809195402299
0.434049338102 0.791954022989
0.373169124126 0.789655172414
0.393385082483 0.798850574713
0.407657921314 0.789655172414
0.410435259342 0.805747126437
0.413551181555 0.802298850575
0.348767399788 0.804597701149
0.378849476576 0.798850574713
0.35175460577 0.805747126437
0.423723518848 0.814942528736
0.365470200777 0.793103448276
0.436514317989 0.803448275862
0.399329543114 0.796551724138
0.356529206038 0.810344827586
0.360056728125 0.790804597701
0.394022673368 0.794252873563
0.378021806479 0.798850574713
0.420774817467 0.786206896552
0.36730247736 0.803448275862
0.355516940355 0.796551724138
0.37179261446 0.797701149425
0.418299436569 0.791954022989
0.387658685446 0.808045977011
0.403589934111 0.8
0.383544355631 0.8
0.410066753626 0.805747126437
0.407084286213 0.804597701149
0.371591031551 0.808045977011
0.381248831749 0.797701149425
0.409705430269 0.802298850575
0.396859079599 0.812643678161
0.421570599079 0.804597701149
0.37619560957 0.785057471264
0.425220072269 0.795402298851
0.421228170395 0.789655172414
0.390665203333 0.790804597701
0.419250935316 0.791954022989
0.390643268824 0.789655172414
0.349031805992 0.805747126437
0.390374362469 0.793103448276
0.405829012394 0.793103448276
0.3627140522 0.806896551724
0.379865258932 0.813793103448
0.364313483238 0.789655172414
0.375828027725 0.812643678161
0.384046822786 0.811494252874
0.380550265312 0.818390804598
0.406260728836 0.802298850575
0.375706106424 0.808045977011
0.375752180815 0.806896551724
0.374137163162 0.814942528736
0.351396530867 0.811494252874
0.353330999613 0.814942528736
0.397210389376 0.804597701149
0.401304066181 0.814942528736
0.37646907568 0.801149425287
0.352871596813 0.804597701149
0.364089101553 0.806896551724
0.367169559002 0.791954022989
0.381476789713 0.770114942529
0.434539437294 0.790804597701
0.387593120337 0.808045977011
0.359001874924 0.814942528736
0.412812530994 0.802298850575
0.364387512207 0.809195402299
0.367282360792 0.806896551724
0.392548531294 0.796551724138
0.355311840773 0.804597701149
0.366896867752 0.809195402299
0.358288943768 0.789655172414
0.405005425215 0.793103448276
0.381720811129 0.806896551724
0.381821274757 0.798850574713
0.396856993437 0.804597701149
0.388090640306 0.804597701149
0.375311881304 0.795402298851
0.392169445753 0.802298850575
0.341814130545 0.8
0.395609289408 0.802298850575
0.453222185373 0.766666666667
0.395697623491 0.770114942529
0.379937887192 0.802298850575
0.383394509554 0.796551724138
0.375687867403 0.793103448276
0.386606484652 0.791954022989
0.370806604624 0.793103448276
0.361162871122 0.8
0.347020536661 0.785057471264
0.374813586473 0.805747126437
0.392500966787 0.794252873563
0.350237756968 0.811494252874
0.397388964891 0.812643678161
0.33822619915 0.802298850575
0.368454277515 0.793103448276
0.378030121326 0.801149425287
0.328251063824 0.796551724138
0.361828923225 0.8
0.350770711899 0.795402298851
0.340177386999 0.808045977011
0.392980068922 0.795402298851
0.378244280815 0.783908045977
0.368081092834 0.802298850575
0.375409543514 0.798850574713
0.364012271166 0.812643678161
0.337155491114 0.806896551724
0.3823389709 0.794252873563
0.354263842106 0.797701149425
0.362911254168 0.785057471264
0.350293844938 0.804597701149
0.372562557459 0.803448275862
0.389503389597 0.805747126437
0.395222246647 0.804597701149
0.384598076344 0.790804597701
0.366114795208 0.801149425287
0.403495103121 0.810344827586
0.384216755629 0.808045977011
0.366588711739 0.795402298851
0.353828966618 0.804597701149
0.386704295874 0.805747126437
0.354510545731 0.783908045977
0.365831077099 0.803448275862
0.3597856462 0.808045977011
0.345617979765 0.803448275862
0.374992102385 0.788505747126
0.35764747858 0.801149425287
0.441946566105 0.777011494253
0.353449672461 0.809195402299
0.378702402115 0.809195402299
0.406383872032 0.793103448276
0.349848240614 0.790804597701
0.396493554115 0.805747126437
0.376487284899 0.806896551724
0.327390313148 0.804597701149
0.32507455349 0.796551724138
0.362235724926 0.787356321839
0.398057430983 0.808045977011
0.364936679602 0.802298850575
0.431910336018 0.797701149425
0.389264404774 0.803448275862
0.363356947899 0.793103448276
0.374890506268 0.802298850575
0.336700618267 0.793103448276
0.364224672318 0.808045977011
0.386017501354 0.818390804598
0.328004658222 0.786206896552
0.36999347806 0.797701149425
0.396821975708 0.791954022989
0.347327381372 0.806896551724
0.386740386486 0.791954022989
0.335528820753 0.810344827586
0.342249065638 0.794252873563
0.355037331581 0.804597701149
0.418696701527 0.802298850575
0.378291398287 0.809195402299
0.349001169205 0.797701149425
0.369342803955 0.809195402299
0.35498675704 0.805747126437
0.332926601171 0.806896551724
0.351835936308 0.806896551724
0.36437240243 0.796551724138
0.388007760048 0.780459770115
0.394983679056 0.791954022989
0.353730618954 0.795402298851
0.344351410866 0.797701149425
0.339466005564 0.82183908046
0.41429656744 0.811494252874
0.389055103064 0.806896551724
0.359162300825 0.805747126437
0.338567644358 0.796551724138
0.409079045057 0.770114942529
0.325817257166 0.810344827586
0.372835844755 0.791954022989
0.367725521326 0.78275862069
0.386801630259 0.795402298851
0.339955896139 0.794252873563
0.324281960726 0.818390804598
0.385800093412 0.812643678161
0.33886680007 0.811494252874
0.383097827435 0.808045977011
0.396506696939 0.802298850575
0.398634254932 0.81724137931
0.36928832531 0.788505747126
0.346857637167 0.812643678161
0.335193902254 0.809195402299
0.380801707506 0.801149425287
0.360985219479 0.813793103448
0.379546940327 0.796551724138
0.352620482445 0.805747126437
0.417234867811 0.790804597701
0.359521150589 0.806896551724
0.37744730711 0.809195402299
0.327754825354 0.806896551724
0.329527199268 0.810344827586
0.3427914083 0.786206896552
0.34585544467 0.786206896552
0.38075825572 0.809195402299
0.373999476433 0.797701149425
0.355105221272 0.794252873563
0.400479614735 0.805747126437
0.369028538465 0.814942528736
0.317936986685 0.816091954023
0.373432427645 0.803448275862
0.361353069544 0.796551724138
0.339845687151 0.802298850575
0.341440439224 0.802298850575
0.397745668888 0.804597701149
0.375126332045 0.794252873563
0.364719986916 0.806896551724
0.365704923868 0.808045977011
0.36854249239 0.803448275862
0.368677794933 0.802298850575
0.359394460917 0.795402298851
0.412021368742 0.803448275862
0.366859257221 0.790804597701
0.387783229351 0.803448275862
0.359693080187 0.803448275862
0.361999422312 0.810344827586
0.339161753654 0.789655172414
0.399435311556 0.802298850575
0.347971796989 0.803448275862
0.359452843666 0.793103448276
0.329949736595 0.802298850575
0.325587302446 0.810344827586
0.377116292715 0.797701149425
0.356426388025 0.802298850575
0.36565926671 0.809195402299
0.331657499075 0.811494252874
0.36039853096 0.813793103448
0.467408955097 0.787356321839
0.389364898205 0.814942528736
0.368768811226 0.793103448276
0.364180117846 0.801149425287
0.389879763126 0.802298850575
0.366496503353 0.794252873563
0.350413054228 0.801149425287
0.345692813396 0.803448275862
0.34150904417 0.8
0.339424580336 0.790804597701
0.365511476994 0.793103448276
0.347747772932 0.811494252874
0.327239334583 0.806896551724
0.399926424026 0.780459770115
0.389681279659 0.808045977011
0.36558625102 0.809195402299
0.386138767004 0.8
0.367034941912 0.802298850575
0.399688571692 0.786206896552
0.328831791878 0.803448275862
0.38007453084 0.810344827586
0.374494105577 0.802298850575
0.378870040178 0.802298850575
0.346793323755 0.797701149425
0.344092935324 0.798850574713
0.376463025808 0.791954022989
0.37732937932 0.805747126437
0.389917254448 0.786206896552
0.413475394249 0.787356321839
0.362805098295 0.787356321839
0.385419011116 0.810344827586
0.351710855961 0.793103448276
0.339872330427 0.801149425287
0.370015740395 0.787356321839
0.366301387548 0.802298850575
0.376163363457 0.801149425287
0.390766322613 0.806896551724
0.313462466002 0.810344827586
0.368024736643 0.812643678161
0.362771868706 0.810344827586
0.322810828686 0.794252873563
0.306036680937 0.818390804598
0.332985520363 0.814942528736
0.345346748829 0.808045977011
0.328176230192 0.798850574713
0.371134102345 0.816091954023
0.362633436918 0.8
0.343418508768 0.8
0.341053396463 0.791954022989
0.377926021814 0.816091954023
0.348299711943 0.801149425287
0.426755189896 0.795402298851
0.331909835339 0.786206896552
0.30447781086 0.814942528736
0.344325751066 0.804597701149
0.381198078394 0.793103448276
0.397804170847 0.802298850575
0.372035473585 0.804597701149
0.338058650494 0.801149425287
0.361294180155 0.816091954023
0.369246065617 0.810344827586
0.319405764341 0.802298850575
0.373432517052 0.806896551724
0.363649666309 0.810344827586
0.35058760643 0.804597701149
0.400619804859 0.786206896552
0.366236925125 0.802298850575
0.346467733383 0.785057471264
0.350640535355 0.774712643678
0.373439759016 0.793103448276
0.364788174629 0.806896551724
0.322627842426 0.803448275862
0.406333059072 0.798850574713
0.40599668026 0.788505747126
0.398665249348 0.794252873563
0.367070347071 0.794252873563
0.373213946819 0.8
0.338353067636 0.808045977011
0.347687602043 0.809195402299
0.334361791611 0.802298850575
0.336575061083 0.805747126437
0.374886095524 0.809195402299
0.345401346684 0.78275862069
0.354285627604 0.77816091954
0.353619068861 0.797701149425
0.364140659571 0.794252873563
0.409883350134 0.786206896552
0.318553835154 0.797701149425
0.34150108695 0.796551724138
0.336572676897 0.796551724138
0.372524946928 0.809195402299
0.339657664299 0.819540229885
0.356248319149 0.801149425287
0.321482956409 0.804597701149
0.373721808195 0.78275862069
0.352202147245 0.806896551724
0.322189897299 0.819540229885
0.352193653584 0.805747126437
0.342865020037 0.797701149425
0.340983510017 0.802298850575
0.416971087456 0.77816091954
0.402816474438 0.771264367816
0.346938788891 0.810344827586
0.349615812302 0.801149425287
0.389174073935 0.795402298851
0.339550018311 0.798850574713
0.36421340704 0.808045977011
0.374769210815 0.8
0.357430279255 0.811494252874
0.33383589983 0.795402298851
0.320625960827 0.794252873563
0.327780872583 0.801149425287
0.326959758997 0.791954022989
0.436179250479 0.774712643678
0.329925179482 0.794252873563
0.342184573412 0.789655172414
0.317706674337 0.798850574713
0.355180382729 0.790804597701
0.352797865868 0.801149425287
0.357164502144 0.797701149425
0.339294046164 0.809195402299
0.333673119545 0.805747126437
0.330276757479 0.802298850575
0.34900829196 0.796551724138
0.338795810938 0.8
0.274535417557 0.809195402299
0.439557343721 0.774712643678
0.339041829109 0.806896551724
0.311981290579 0.811494252874
0.325915455818 0.811494252874
0.386726737022 0.810344827586
0.320530474186 0.810344827586
0.396949857473 0.801149425287
0.378527224064 0.795402298851
0.417734146118 0.791954022989
0.33978998661 0.813793103448
0.343154639006 0.798850574713
0.31439396739 0.805747126437
0.360512346029 0.771264367816
0.304831266403 0.811494252874
0.422926306725 0.804597701149
0.346581816673 0.805747126437
0.342740446329 0.797701149425
0.3495028615 0.797701149425
0.33474034071 0.794252873563
0.337882965803 0.801149425287
0.354165524244 0.796551724138
0.330351114273 0.797701149425
0.414869487286 0.809195402299
0.377225965261 0.790804597701
0.382111668587 0.797701149425
