0.692905604839 0.551724137931
0.692714214325 0.551724137931
0.69236344099 0.551724137931
0.69189786911 0.551724137931
0.691103756428 0.551724137931
0.689607918262 0.551724137931
0.686280310154 0.551724137931
0.683019399643 0.551724137931
0.679842591286 0.551724137931
0.678873121738 0.551724137931
0.675173521042 0.551724137931
0.671763181686 0.551724137931
0.674616932869 0.551724137931
0.668337106705 0.551724137931
0.666608273983 0.551724137931
0.669130921364 0.551724137931
0.672434031963 0.551724137931
0.668914198875 0.551724137931
0.66674554348 0.551724137931
0.670675814152 0.551724137931
0.667828440666 0.551724137931
0.668897867203 0.551724137931
0.663566291332 0.551724137931
0.670738518238 0.551724137931
0.665538787842 0.551724137931
0.668775260448 0.551724137931
0.662258923054 0.551724137931
0.660566329956 0.551724137931
0.656613588333 0.551724137931
0.654021084309 0.551724137931
0.657027363777 0.551724137931
0.645389735699 0.549425287356
0.647828519344 0.570114942529
0.647858023643 0.595402298851
0.633314847946 0.62183908046
0.634085774422 0.658620689655
0.63432019949 0.672413793103
0.620447516441 0.683908045977
0.618074059486 0.691954022989
0.600380003452 0.7
0.598392546177 0.706896551724
0.601304471493 0.714942528736
0.604203343391 0.719540229885
0.584784865379 0.727586206897
0.586160004139 0.740229885057
0.570696413517 0.745977011494
0.572013497353 0.751724137931
0.574235796928 0.765517241379
0.560411691666 0.770114942529
0.533261358738 0.777011494253
0.57872903347 0.775862068966
0.535420835018 0.788505747126
0.526813030243 0.794252873563
0.542423129082 0.794252873563
0.504879176617 0.795402298851
0.51750844717 0.795402298851
0.496765166521 0.795402298851
0.52060598135 0.795402298851
0.497525304556 0.795402298851
0.48091262579 0.797701149425
0.556407153606 0.8
0.48176279664 0.803448275862
0.490636706352 0.801149425287
0.529683232307 0.801149425287
0.47601300478 0.802298850575
0.471983104944 0.803448275862
0.448897898197 0.801149425287
0.471631765366 0.801149425287
0.501387417316 0.801149425287
0.500025272369 0.802298850575
0.478493660688 0.802298850575
0.4954174757 0.804597701149
0.460348159075 0.802298850575
0.468205213547 0.803448275862
0.463067293167 0.804597701149
0.518134057522 0.803448275862
0.497586607933 0.804597701149
0.490647047758 0.803448275862
0.475941509008 0.804597701149
0.4895157516 0.803448275862
0.453172653913 0.804597701149
0.49815505743 0.803448275862
0.481152921915 0.806896551724
0.480870008469 0.804597701149
0.50176179409 0.808045977011
0.491013973951 0.803448275862
0.47336512804 0.806896551724
0.473053902388 0.802298850575
0.458060383797 0.802298850575
0.505441188812 0.802298850575
0.481145054102 0.804597701149
0.443793177605 0.804597701149
0.466132938862 0.804597701149
0.428800612688 0.806896551724
0.479786008596 0.805747126437
0.468289524317 0.805747126437
0.461502730846 0.806896551724
0.46022772789 0.805747126437
0.500424742699 0.806896551724
0.539282083511 0.805747126437
0.47406873107 0.805747126437
0.472931355238 0.805747126437
0.458481371403 0.805747126437
0.404641836882 0.805747126437
0.416788905859 0.805747126437
0.482073426247 0.803448275862
0.502548992634 0.805747126437
0.48661583662 0.802298850575
0.43778899312 0.804597701149
0.484431177378 0.806896551724
0.46371024847 0.805747126437
0.460161775351 0.805747126437
0.43565505743 0.806896551724
0.434346914291 0.805747126437
0.50317722559 0.803448275862
0.489915281534 0.803448275862
0.444354087114 0.804597701149
0.474448382854 0.805747126437
0.479687571526 0.805747126437
0.44631499052 0.805747126437
0.437380969524 0.805747126437
0.449229389429 0.804597701149
0.465287864208 0.804597701149
0.425344586372 0.805747126437
0.469972789288 0.804597701149
0.412800818682 0.805747126437
0.454046368599 0.805747126437
0.440983086824 0.804597701149
0.42948409915 0.805747126437
0.468731373549 0.805747126437
0.390041649342 0.805747126437
0.444059640169 0.806896551724
0.414545893669 0.805747126437
0.442184001207 0.804597701149
0.447742015123 0.805747126437
0.477667421103 0.808045977011
0.40327629447 0.805747126437
0.484256565571 0.805747126437
0.456168472767 0.805747126437
0.389355003834 0.804597701149
0.388890355825 0.804597701149
0.441941976547 0.805747126437
0.442022025585 0.808045977011
0.461107701063 0.804597701149
0.44578486681 0.809195402299
0.438354730606 0.810344827586
0.397003173828 0.809195402299
0.488718807697 0.809195402299
0.424212366343 0.806896551724
0.438475012779 0.805747126437
0.460316389799 0.810344827586
0.427822798491 0.805747126437
0.428017228842 0.810344827586
0.503604650497 0.809195402299
0.44104129076 0.808045977011
0.425694584846 0.808045977011
0.430326998234 0.808045977011
0.451731085777 0.811494252874
0.411875754595 0.811494252874
0.462984859943 0.806896551724
0.517498612404 0.808045977011
0.45702752471 0.808045977011
0.435276210308 0.806896551724
0.46082252264 0.809195402299
0.452498704195 0.805747126437
0.455833345652 0.808045977011
0.421004801989 0.805747126437
0.46150970459 0.805747126437
0.447707593441 0.806896551724
0.428237646818 0.810344827586
0.433906435966 0.808045977011
0.44292485714 0.806896551724
0.445205181837 0.808045977011
0.434266537428 0.805747126437
0.436246454716 0.804597701149
0.441889375448 0.809195402299
0.457242190838 0.810344827586
0.390776187181 0.808045977011
0.431838601828 0.804597701149
0.466462016106 0.803448275862
0.445533394814 0.808045977011
0.406210809946 0.808045977011
0.424477040768 0.809195402299
0.468929290771 0.806896551724
0.41144657135 0.806896551724
0.379137337208 0.808045977011
0.44471591711 0.805747126437
0.454428851604 0.806896551724
0.412788361311 0.806896551724
0.413503289223 0.809195402299
0.394244849682 0.809195402299
0.440215349197 0.809195402299
0.407528996468 0.806896551724
0.418762713671 0.809195402299
0.404976993799 0.805747126437
0.443878144026 0.810344827586
0.440636992455 0.808045977011
0.424450725317 0.806896551724
0.463329493999 0.808045977011
0.438359349966 0.804597701149
0.410929113626 0.805747126437
0.441685289145 0.806896551724
0.42456355691 0.805747126437
0.409189641476 0.808045977011
0.446817696095 0.808045977011
0.417283594608 0.804597701149
0.436695694923 0.806896551724
0.442361056805 0.804597701149
0.427930682898 0.805747126437
0.444066017866 0.808045977011
0.415534973145 0.805747126437
0.398146629333 0.804597701149
0.453591734171 0.806896551724
0.395424753428 0.808045977011
0.442963242531 0.804597701149
0.434477001429 0.806896551724
0.409997940063 0.804597701149
0.474555581808 0.805747126437
0.424133718014 0.803448275862
0.451444923878 0.806896551724
0.468874752522 0.808045977011
0.407119899988 0.804597701149
0.411500573158 0.808045977011
0.394874185324 0.811494252874
0.400956839323 0.804597701149
0.443893015385 0.805747126437
0.391763031483 0.809195402299
0.398767888546 0.804597701149
0.400748699903 0.805747126437
0.420077353716 0.805747126437
0.448977708817 0.805747126437
0.432284265757 0.805747126437
0.425827473402 0.808045977011
0.384188055992 0.809195402299
0.451548218727 0.809195402299
0.403447985649 0.806896551724
0.426990479231 0.808045977011
0.477723091841 0.805747126437
0.446911126375 0.808045977011
0.420572191477 0.805747126437
0.41918617487 0.809195402299
0.450234830379 0.806896551724
0.39067736268 0.809195402299
0.431897848845 0.808045977011
0.416986346245 0.809195402299
0.420135915279 0.808045977011
0.426782488823 0.809195402299
0.372628360987 0.810344827586
0.403090447187 0.810344827586
0.402148932219 0.809195402299
0.420086592436 0.809195402299
0.392709732056 0.806896551724
0.400995850563 0.810344827586
0.41305232048 0.810344827586
0.432205975056 0.810344827586
0.400971412659 0.808045977011
0.451544880867 0.809195402299
0.466177821159 0.810344827586
0.473326563835 0.810344827586
0.399068802595 0.811494252874
0.37833198905 0.812643678161
0.395469218493 0.809195402299
0.393341600895 0.806896551724
0.417154341936 0.808045977011
0.375389665365 0.812643678161
0.45116558671 0.812643678161
0.388722449541 0.812643678161
0.396784514189 0.812643678161
0.404157459736 0.813793103448
0.410466372967 0.810344827586
0.395550131798 0.812643678161
0.399433970451 0.812643678161
0.385956048965 0.814942528736
0.398037731647 0.814942528736
0.3802344203 0.810344827586
0.396263390779 0.813793103448
0.42440906167 0.810344827586
0.376888990402 0.810344827586
0.395700544119 0.813793103448
0.377103835344 0.812643678161
0.413568496704 0.809195402299
0.420907020569 0.809195402299
0.381213098764 0.812643678161
0.417880147696 0.812643678161
0.404905557632 0.812643678161
0.425774872303 0.814942528736
0.416934251785 0.812643678161
0.455471634865 0.811494252874
0.378273367882 0.813793103448
0.44835793972 0.814942528736
0.396558493376 0.814942528736
0.392641305923 0.819540229885
0.40462821722 0.813793103448
0.383454740047 0.814942528736
0.395468682051 0.811494252874
0.41589897871 0.816091954023
0.435318827629 0.814942528736
0.398314893246 0.813793103448
0.375185579062 0.813793103448
0.369182020426 0.814942528736
0.445905715227 0.814942528736
0.406924247742 0.813793103448
0.402744323015 0.813793103448
0.410641282797 0.814942528736
0.437932163477 0.814942528736
0.429541289806 0.813793103448
0.395308494568 0.814942528736
0.40899014473 0.813793103448
0.433563917875 0.816091954023
0.44297850132 0.814942528736
0.36667573452 0.813793103448
0.37917214632 0.811494252874
0.408532261848 0.814942528736
0.364504814148 0.816091954023
0.361605346203 0.811494252874
0.390864193439 0.813793103448
0.423433184624 0.813793103448
0.405294775963 0.818390804598
0.414439737797 0.811494252874
0.422882199287 0.811494252874
0.378096342087 0.812643678161
0.395001828671 0.812643678161
0.416093945503 0.812643678161
0.436484247446 0.811494252874
0.375443845987 0.810344827586
0.3720895648 0.812643678161
0.467237114906 0.813793103448
0.386061817408 0.813793103448
0.384013265371 0.813793103448
0.372129350901 0.813793103448
0.384476691484 0.816091954023
0.386179953814 0.813793103448
0.416465312243 0.814942528736
0.414920300245 0.813793103448
0.446563839912 0.813793103448
0.352484107018 0.812643678161
0.394241303205 0.813793103448
0.398354828358 0.814942528736
0.445659458637 0.813793103448
0.384488403797 0.814942528736
0.377087205648 0.812643678161
0.393497109413 0.812643678161
0.375786602497 0.818390804598
0.383194118738 0.819540229885
0.383970022202 0.814942528736
0.37790030241 0.813793103448
0.374487042427 0.812643678161
0.401918172836 0.812643678161
0.396578341722 0.816091954023
0.397673904896 0.814942528736
0.405033648014 0.814942528736
0.423119664192 0.813793103448
0.393406033516 0.818390804598
0.405754357576 0.814942528736
0.445549398661 0.816091954023
0.388154625893 0.813793103448
0.398127645254 0.811494252874
0.410015612841 0.814942528736
0.357969939709 0.816091954023
0.396511077881 0.813793103448
0.35158675909 0.814942528736
0.388510286808 0.816091954023
0.362417668104 0.81724137931
0.365081787109 0.816091954023
0.429706215858 0.816091954023
0.421210050583 0.81724137931
0.377013862133 0.81724137931
0.379479408264 0.814942528736
0.397554367781 0.814942528736
0.378413200378 0.813793103448
0.391398966312 0.813793103448
0.406016260386 0.814942528736
0.362061738968 0.818390804598
0.422209918499 0.816091954023
0.380586534739 0.81724137931
0.401166915894 0.814942528736
0.433273166418 0.819540229885
0.39115935564 0.818390804598
0.413551241159 0.81724137931
0.410987973213 0.819540229885
0.406803399324 0.81724137931
0.397202312946 0.816091954023
0.38170093298 0.818390804598
0.385060042143 0.81724137931
0.414362668991 0.816091954023
0.410639315844 0.816091954023
0.400900274515 0.818390804598
0.387589454651 0.818390804598
0.392807394266 0.82183908046
0.394211173058 0.820689655172
0.39174720645 0.822988505747
0.367164045572 0.81724137931
0.403223216534 0.81724137931
0.361302107573 0.81724137931
0.428909420967 0.820689655172
0.419665247202 0.818390804598
0.37277674675 0.816091954023
0.402079313993 0.818390804598
0.397071033716 0.818390804598
0.402366608381 0.816091954023
0.402411609888 0.816091954023
0.421444177628 0.820689655172
0.399151206017 0.818390804598
0.390799671412 0.818390804598
0.350378751755 0.818390804598
0.376185923815 0.820689655172
0.425808608532 0.818390804598
0.388634383678 0.820689655172
0.355288863182 0.818390804598
0.392541229725 0.816091954023
0.364387691021 0.818390804598
0.419216930866 0.820689655172
0.408408612013 0.818390804598
0.434888541698 0.819540229885
0.373984485865 0.824137931034
0.373669236898 0.82183908046
0.332786977291 0.818390804598
0.369937121868 0.82183908046
0.405176311731 0.81724137931
0.370362192392 0.816091954023
0.385898202658 0.819540229885
0.336030930281 0.818390804598
0.381053805351 0.818390804598
0.427698165178 0.81724137931
0.372333407402 0.81724137931
0.415985375643 0.818390804598
0.366060644388 0.81724137931
0.337573885918 0.816091954023
0.374495387077 0.819540229885
0.402034342289 0.819540229885
0.348195791245 0.818390804598
0.411958694458 0.81724137931
0.356356889009 0.819540229885
0.390486478806 0.81724137931
0.366788208485 0.819540229885
0.362778127193 0.819540229885
0.37655544281 0.816091954023
0.372273743153 0.81724137931
0.374774634838 0.819540229885
0.394958853722 0.819540229885
0.352726072073 0.818390804598
0.392124027014 0.819540229885
0.326547503471 0.818390804598
0.464052557945 0.82183908046
0.378155142069 0.81724137931
0.39175671339 0.819540229885
0.410953909159 0.819540229885
0.372538715601 0.818390804598
0.348924189806 0.820689655172
0.400850325823 0.82183908046
0.387405753136 0.82183908046
0.392242312431 0.820689655172
0.396183699369 0.818390804598
0.4063398242 0.820689655172
0.363801687956 0.818390804598
0.368337392807 0.818390804598
0.347064733505 0.819540229885
0.375377744436 0.819540229885
0.357113242149 0.818390804598
0.374350517988 0.820689655172
0.398209542036 0.822988505747
0.38509953022 0.820689655172
0.376514077187 0.820689655172
0.386073112488 0.818390804598
0.383284330368 0.822988505747
0.406138777733 0.82183908046
0.335899114609 0.81724137931
0.358940631151 0.820689655172
0.351863205433 0.820689655172
0.366295993328 0.818390804598
0.439482420683 0.819540229885
0.365214377642 0.81724137931
0.386917233467 0.82183908046
0.402156740427 0.820689655172
0.457662194967 0.822988505747
0.385829538107 0.819540229885
0.382634520531 0.816091954023
0.382722496986 0.819540229885
0.395134329796 0.81724137931
0.400226026773 0.819540229885
0.450046002865 0.82183908046
0.358240157366 0.82183908046
0.381618112326 0.818390804598
0.385926693678 0.819540229885
0.400343388319 0.82183908046
0.420459657907 0.819540229885
0.385215401649 0.820689655172
0.351552516222 0.819540229885
0.411467730999 0.82183908046
0.378200501204 0.82183908046
0.358025372028 0.820689655172
0.403793036938 0.820689655172
0.399647444487 0.819540229885
0.337989449501 0.820689655172
0.386591911316 0.818390804598
0.341525048018 0.819540229885
0.373559564352 0.818390804598
0.414265334606 0.818390804598
0.406201958656 0.820689655172
0.351372689009 0.820689655172
