0.759181532004
0.761017838405
0.764428121721
0.763641133263
0.763641133263
0.763641133263
0.761542497377
0.764165792235
0.760755508919
0.761804826863
0.759706190976
0.762329485834
0.762067156348
0.760230849948
0.757607555089
0.758394543547
0.760493179433
0.757345225603
0.757082896118
0.755508919203
0.755508919203
0.746589716684
0.753672612802
0.750262329486
0.751573976915
0.754459601259
0.744228751312
0.750262329486
0.744753410283
0.750262329486
0.749213011542
0.744753410283
0.748426023085
0.744228751312
0.743966421826
0.739506820567
0.744228751312
0.737145855194
0.737670514166
0.738195173137
0.732686253935
0.732686253935
0.735834207765
0.735309548793
0.733735571878
0.731899265477
0.729538300105
0.727439664218
0.731899265477
0.72796432319
0.730062959077
0.727701993704
0.726915005247
0.728226652676
0.723504721931
0.731374606506
0.724291710388
0.725603357817
0.725603357817
0.722193074502
0.720619097587
0.723242392445
0.723504721931
0.720881427072
0.722980062959
0.718782791186
0.722193074502
0.718258132214
0.7185204617
0.711699895068
0.716946484785
0.716684155299
0.716421825813
0.715110178384
0.716421825813
0.714585519412
0.714060860441
0.71222455404
0.707502623295
0.710650577125
0.712486883526
0.709338929696
0.713798530955
0.710125918153
0.706977964323
0.706977964323
0.707764952781
0.708027282267
0.707502623295
0.713011542497
0.711175236097
0.707502623295
0.707764952781
0.708551941238
0.706453305352
0.706453305352
0.704616998951
0.705403987408
0.701731374607
0.702256033578
0.704616998951
0.710388247639
0.702256033578
0.704092339979
0.702256033578
0.704092339979
0.702256033578
0.704354669465
0.700682056663
0.703830010493
0.70278069255
0.70592864638
0.700157397692
0.699370409234
0.698583420776
0.704354669465
0.703043022036
0.696222455404
0.700157397692
0.701206715635
0.705666316894
0.706453305352
0.700157397692
0.701993704092
0.706453305352
0.703830010493
0.706190975866
0.700157397692
0.701993704092
0.698583420776
0.700944386149
0.699370409234
0.703830010493
0.702256033578
0.701206715635
0.698583420776
0.704879328437
0.702256033578
0.699108079748
0.702256033578
0.699370409234
0.699108079748
0.700682056663
0.700682056663
0.700944386149
0.700944386149
0.700944386149
0.697271773347
0.69648478489
0.700419727177
0.697271773347
0.700944386149
0.704354669465
0.697534102833
0.695173137461
0.697009443861
0.700682056663
0.702256033578
0.699895068206
0.695435466946
0.69963273872
0.694910807975
0.697534102833
0.698583420776
0.698845750262
0.700157397692
0.700157397692
0.698583420776
0.697009443861
0.698321091291
0.695697796432
0.694386149003
0.695697796432
0.69648478489
0.697534102833
0.69648478489
0.69648478489
0.701731374607
0.692549842602
0.695435466946
0.69333683106
0.698058761805
0.693074501574
0.694910807975
0.696222455404
0.694386149003
0.692812172088
0.694648478489
0.694648478489
0.697271773347
0.694123819517
0.697534102833
0.694386149003
0.692812172088
0.69333683106
0.694123819517
0.695173137461
0.693861490031
0.693074501574
0.690975865687
0.697009443861
0.694386149003
0.693074501574
0.696747114376
0.698583420776
0.697534102833
0.692549842602
0.692287513116
0.690451206716
0.696222455404
0.69018887723
0.690713536201
0.692549842602
0.690713536201
0.692812172088
0.692812172088
0.693599160546
0.69018887723
0.691500524659
0.685991605456
0.69018887723
0.69333683106
0.695697796432
0.695960125918
0.696747114376
0.693861490031
0.694123819517
0.693599160546
0.697534102833
0.69018887723
0.694910807975
0.69018887723
0.691238195173
0.695960125918
0.690451206716
0.69018887723
0.689139559286
0.689926547744
0.692025183631
0.689926547744
0.693599160546
0.685991605456
0.689401888772
0.689926547744
0.692287513116
0.692549842602
0.6870409234
0.693599160546
0.693861490031
0.691762854145
0.692287513116
0.692287513116
0.692025183631
0.687827911857
0.69018887723
0.691238195173
0.690975865687
0.690451206716
0.693599160546
0.69018887723
0.693599160546
0.694910807975
0.693599160546
0.691500524659
0.694386149003
0.694386149003
0.69333683106
0.694648478489
0.692287513116
0.693074501574
0.695435466946
0.693861490031
0.696222455404
0.691762854145
0.692812172088
0.694648478489
0.693599160546
0.692549842602
0.690713536201
0.693861490031
0.695435466946
0.690451206716
0.691500524659
0.690451206716
0.688352570829
0.694123819517
0.69018887723
0.693599160546
0.690975865687
0.692549842602
0.69333683106
0.699108079748
0.694910807975
0.690451206716
0.692025183631
0.694648478489
0.687303252886
0.686778593914
0.690975865687
0.690975865687
