0.504459601259
0.504459601259
0.747901364113
0.757082896118
0.762329485834
0.765477439664
0.766264428122
0.765477439664
0.766264428122
0.767838405037
0.769412381952
0.769412381952
0.769674711438
0.769150052466
0.769412381952
0.769937040923
0.769412381952
0.769937040923
0.770461699895
0.770724029381
0.770461699895
0.770461699895
0.769412381952
0.769674711438
0.769674711438
0.769674711438
0.769674711438
0.770199370409
0.770461699895
0.770199370409
0.770724029381
0.769674711438
0.769150052466
0.769150052466
0.769412381952
0.769412381952
0.770199370409
0.770199370409
0.770461699895
0.770461699895
0.770461699895
0.770461699895
0.770199370409
0.770199370409
0.769937040923
0.770199370409
0.770199370409
0.770199370409
0.770461699895
0.770986358867
0.771773347324
0.77203567681
0.771773347324
0.771773347324
0.771773347324
0.771773347324
0.77203567681
0.771511017838
0.771248688353
0.771248688353
0.770724029381
0.771248688353
0.771511017838
0.771248688353
0.771248688353
0.771248688353
0.771773347324
0.771773347324
0.771248688353
0.771773347324
0.771773347324
0.771511017838
0.771511017838
0.770986358867
0.770986358867
0.770986358867
0.770724029381
0.770986358867
0.770986358867
0.770986358867
0.770199370409
0.770199370409
0.770199370409
0.770199370409
0.770461699895
0.770199370409
0.770199370409
0.770199370409
0.769674711438
0.769674711438
0.769937040923
0.769937040923
0.769674711438
0.769674711438
0.769150052466
0.769150052466
0.769412381952
0.769674711438
0.769412381952
0.769150052466
0.769150052466
0.76888772298
0.768625393494
0.768625393494
0.768100734523
0.768100734523
0.768100734523
0.767838405037
0.767576075551
0.768363064008
0.768363064008
0.768100734523
0.767838405037
0.768100734523
0.768100734523
0.768100734523
0.767838405037
0.767838405037
0.768100734523
0.768100734523
0.768100734523
0.767576075551
0.767838405037
0.768100734523
0.767838405037
0.767838405037
0.767313746065
0.767313746065
0.767576075551
0.767313746065
0.767313746065
0.767313746065
0.767576075551
0.767576075551
0.767576075551
0.767576075551
0.768100734523
0.768363064008
0.768363064008
0.768625393494
0.768363064008
0.768363064008
0.768363064008
0.76888772298
0.769150052466
0.76888772298
0.768625393494
0.768625393494
0.768625393494
0.768625393494
0.768100734523
0.768100734523
0.767838405037
0.767313746065
0.767576075551
0.767313746065
0.767313746065
0.767313746065
0.767051416579
0.767051416579
0.766789087093
0.766789087093
0.767051416579
0.766789087093
0.766789087093
0.767051416579
0.766789087093
0.766789087093
0.766789087093
0.766789087093
0.767051416579
0.767313746065
0.767313746065
0.767576075551
0.767838405037
0.768100734523
0.767576075551
0.767313746065
0.767051416579
0.767051416579
0.766526757608
0.766526757608
0.766526757608
0.766002098636
0.766002098636
0.766002098636
0.766264428122
0.766526757608
0.766002098636
0.765477439664
0.76573976915
0.765215110178
0.764690451207
0.764428121721
0.764690451207
0.764165792235
0.763903462749
0.763641133263
0.763903462749
0.764428121721
0.764952780693
0.765215110178
0.765477439664
0.765215110178
0.765215110178
0.765215110178
0.764952780693
0.764428121721
0.764690451207
0.764690451207
0.764428121721
0.764952780693
0.764952780693
0.764952780693
0.764690451207
0.765215110178
0.764952780693
0.764952780693
0.764690451207
0.764428121721
0.764428121721
0.764165792235
0.763903462749
0.763641133263
0.763641133263
0.763641133263
0.763116474292
0.763116474292
0.763378803778
0.763641133263
0.763378803778
0.762854144806
0.76259181532
0.76259181532
0.762329485834
0.76259181532
0.762329485834
0.762067156348
0.761542497377
0.761542497377
0.761804826863
0.761804826863
0.761542497377
0.761542497377
0.761542497377
0.761542497377
0.761542497377
0.761542497377
0.761804826863
0.761280167891
0.761017838405
0.761280167891
0.761280167891
0.761542497377
0.762067156348
0.761542497377
0.761542497377
0.761804826863
0.762067156348
0.761804826863
0.761804826863
0.762067156348
0.762067156348
0.761542497377
0.761804826863
0.761542497377
0.761280167891
0.761017838405
0.761017838405
0.761017838405
0.761542497377
0.761804826863
0.761804826863
0.761804826863
0.761804826863
0.761804826863
0.761804826863
0.761804826863
0.761542497377
0.761542497377
0.761804826863
0.762067156348
0.762329485834
0.762329485834
0.762329485834
0.762329485834
0.76259181532
0.762067156348
0.762067156348
0.762329485834
0.76259181532
0.762854144806
0.762854144806
0.76259181532
0.763116474292
0.763116474292
0.763116474292
0.763116474292
0.763378803778
0.763641133263
