0.637175500393 0.710344827586 0.722025912839
0.585297822952 0.755172413793 0.729485669415
0.593524932861 0.76091954023 0.705928543384
0.557157337666 0.763218390805 0.749116607774
0.60084182024 0.798850574713 0.761680408324
0.556602299213 0.765517241379 0.714958775029
0.481865048409 0.811494252874 0.77188849627
0.510882079601 0.818390804598 0.778563015312
0.475584715605 0.809195402299 0.778955634079
0.535620033741 0.813793103448 0.781311346682
0.545027911663 0.795402298851 0.744405182568
0.453128665686 0.77816091954 0.781311346682
0.489236682653 0.809195402299 0.792304672163
0.466357082129 0.796551724138 0.764428739694
0.453219145536 0.813793103448 0.779348252846
0.468013375998 0.809195402299 0.772673733804
0.424995034933 0.804597701149 0.773851590106
0.539597153664 0.825287356322 0.782096584217
0.474137544632 0.811494252874 0.788771103259
0.456601977348 0.812643678161 0.78170396545
0.458853900433 0.820689655172 0.789163722026
0.516018509865 0.82183908046 0.784844915587
0.442446798086 0.827586206897 0.791126815862
0.499131977558 0.78275862069 0.745583038869
0.41037479043 0.812643678161 0.779740871614
0.434599071741 0.825287356322 0.792697290931
0.501286745071 0.825287356322 0.796623478602
0.45252174139 0.818390804598 0.786022771888
0.45176333189 0.81724137931 0.786022771888
0.761763691902 0.796551724138 0.766784452297
0.433401107788 0.803448275862 0.779348252846
0.477846592665 0.82183908046 0.785237534354
0.463894486427 0.816091954023 0.796623478602
0.456174612045 0.820689655172 0.793089909698
0.425852507353 0.777011494253 0.744405182568
0.44059035182 0.808045977011 0.779740871614
0.426654547453 0.806896551724 0.780526109148
0.411327660084 0.81724137931 0.784844915587
0.406457722187 0.8 0.764036120927
0.457297414541 0.773563218391 0.739693757362
0.402252435684 0.811494252874 0.797801334904
0.412282109261 0.816091954023 0.789556340793
0.42308357358 0.814942528736 0.795445622301
0.428594827652 0.795402298851 0.751472320377
0.458185762167 0.820689655172 0.786022771888
0.433954596519 0.796551724138 0.762858264625
0.395681679249 0.82183908046 0.797408716137
0.450768440962 0.802298850575 0.767569689831
0.416926026344 0.762068965517 0.718099725167
0.475284725428 0.816091954023 0.78720062819
0.371127724648 0.808045977011 0.778563015312
0.419477045536 0.814942528736 0.783667059285
0.441244423389 0.813793103448 0.792304672163
0.431818038225 0.787356321839 0.742834707499
0.417323291302 0.805747126437 0.788378484492
0.428490549326 0.818390804598 0.780133490381
0.395901829004 0.81724137931 0.803297997644
0.384210050106 0.816091954023 0.793482528465
0.367611438036 0.794252873563 0.782096584217
0.389101982117 0.803448275862 0.796623478602
0.377756804228 0.805747126437 0.787985865724
0.418399423361 0.783908045977 0.74126423243
0.376410573721 0.808045977011 0.777385159011
0.384519070387 0.793103448276 0.756183745583
0.446115493774 0.816091954023 0.802120141343
0.441692441702 0.804597701149 0.775814683942
0.363926798105 0.791954022989 0.760109933255
0.408046066761 0.78275862069 0.773066352572
0.403063416481 0.796551724138 0.765606595995
0.401515513659 0.827586206897 0.79976442874
0.331604987383 0.810344827586 0.797016097369
0.416453391314 0.82183908046 0.797016097369
0.492144197226 0.810344827586 0.796230859835
0.331131547689 0.82183908046 0.790341578327
0.391695052385 0.811494252874 0.784059678053
0.393535912037 0.804597701149 0.782881821751
0.348966151476 0.819540229885 0.784059678053
0.377177357674 0.806896551724 0.79976442874
0.379340261221 0.790804597701 0.760895170789
0.379554331303 0.814942528736 0.791912053396
0.358091711998 0.788505747126 0.758539458186
0.41315728426 0.785057471264 0.752257557911
0.336223036051 0.802298850575 0.778955634079
0.446363985538 0.809195402299 0.800549666274
0.391082763672 0.814942528736 0.784059678053
0.37683391571 0.813793103448 0.806438947782
0.280734479427 0.813793103448 0.782096584217
0.42274788022 0.794252873563 0.75932469572
0.423591703176 0.814942528736 0.791126815862
0.423248797655 0.809195402299 0.774244208873
0.457818448544 0.786206896552 0.784844915587
0.442201972008 0.810344827586 0.796230859835
0.412288576365 0.770114942529 0.736945425991
0.363214462996 0.76091954023 0.711425206125
0.486360698938 0.741379310345 0.678445229682
0.392286390066 0.777011494253 0.743227326266
0.392596960068 0.798850574713 0.775422065175
0.382156074047 0.81724137931 0.791912053396
0.426474958658 0.796551724138 0.788378484492
0.38084769249 0.804597701149 0.776599921476
0.350990593433 0.820689655172 0.807224185316
0.4869402349 0.818390804598 0.793875147232
0.354454904795 0.789655172414 0.761287789556
0.381504505873 0.797701149425 0.764428739694
0.383599162102 0.8 0.772281115037
0.33508720994 0.820689655172 0.80526109148
0.43181475997 0.77816091954 0.73851590106
0.348230242729 0.82183908046 0.79976442874
0.395104140043 0.779310344828 0.741656851197
0.417046129704 0.783908045977 0.776599921476
0.375142663717 0.768965517241 0.723989006675
0.378467053175 0.820689655172 0.803690616411
0.393218755722 0.805747126437 0.787985865724
0.346292197704 0.801149425287 0.786415390656
0.349764674902 0.824137931034 0.798979191205
0.355458766222 0.775862068966 0.744405182568
0.388274222612 0.78275862069 0.758146839419
0.382833331823 0.797701149425 0.762465645858
0.522881567478 0.8 0.780918727915
0.484200924635 0.755172413793 0.694149980369
0.367343872786 0.802298850575 0.788771103259
0.417720973492 0.809195402299 0.784059678053
0.476370245218 0.804597701149 0.798193953671
0.42203900218 0.805747126437 0.780133490381
0.419541537762 0.816091954023 0.802120141343
0.363409757614 0.810344827586 0.800942285041
0.368814587593 0.775862068966 0.747546132705
0.314174354076 0.820689655172 0.798586572438
0.339279055595 0.831034482759 0.805653710247
0.3704662323 0.822988505747 0.797016097369
0.400829434395 0.789655172414 0.762858264625
0.342905342579 0.786206896552 0.752650176678
0.387057751417 0.789655172414 0.781311346682
0.426562905312 0.768965517241 0.723596387907
0.504062831402 0.803448275862 0.778563015312
0.540926337242 0.829885057471 0.795053003534
0.484181314707 0.781609195402 0.747546132705
0.38162907958 0.809195402299 0.785630153121
0.395980417728 0.793103448276 0.765999214762
0.409044921398 0.809195402299 0.786808009423
0.461925595999 0.816091954023 0.794267765999
0.333962023258 0.809195402299 0.792304672163
0.402219772339 0.759770114943 0.712995681194
0.371784567833 0.806896551724 0.780526109148
0.367014855146 0.82183908046 0.797016097369
0.386035233736 0.766666666667 0.740871613663
0.506300091743 0.805747126437 0.767962308598
0.393718332052 0.804597701149 0.776207302709
0.475007236004 0.747126436782 0.688260698861
0.454188764095 0.791954022989 0.782881821751
0.382165312767 0.82183908046 0.793482528465
0.307744592428 0.783908045977 0.75382803298
0.359181523323 0.802298850575 0.765999214762
0.342697918415 0.806896551724 0.790341578327
0.37709915638 0.810344827586 0.785237534354
0.366398841143 0.8 0.788378484492
0.450054734945 0.809195402299 0.779740871614
0.369663476944 0.796551724138 0.764821358461
0.368755698204 0.825287356322 0.804475853946
0.366481512785 0.8 0.778955634079
0.411598473787 0.783908045977 0.76639183353
0.414245963097 0.78275862069 0.762465645858
0.367642581463 0.826436781609 0.800942285041
0.3857883811 0.796551724138 0.764821358461
0.353985667229 0.829885057471 0.798193953671
0.381315797567 0.829885057471 0.794267765999
0.37353014946 0.829885057471 0.798193953671
0.334397852421 0.78275862069 0.750687082843
0.378440141678 0.781609195402 0.764821358461
0.399485588074 0.796551724138 0.768747546133
0.497389256954 0.767816091954 0.738123282293
0.316693395376 0.813793103448 0.800157047507
0.392310798168 0.806896551724 0.780133490381
0.483983010054 0.793103448276 0.760502552022
0.417390316725 0.804597701149 0.767962308598
0.360555887222 0.77816091954 0.745975657636
0.319593787193 0.818390804598 0.794267765999
0.412286102772 0.811494252874 0.790341578327
0.336851835251 0.814942528736 0.782489202984
0.357792437077 0.786206896552 0.755005889282
0.343623876572 0.751724137931 0.720062819003
0.325129270554 0.816091954023 0.793089909698
0.388934493065 0.791954022989 0.762465645858
0.526627540588 0.797701149425 0.778955634079
0.322300255299 0.787356321839 0.742834707499
0.323505669832 0.804597701149 0.778170396545
0.40578520298 0.765517241379 0.742049469965
0.302739024162 0.795402298851 0.760502552022
0.375895678997 0.814942528736 0.803690616411
0.342778742313 0.809195402299 0.782096584217
0.398273378611 0.809195402299 0.791126815862
0.324847638607 0.790804597701 0.767962308598
0.366614997387 0.804597701149 0.777385159011
0.425986260176 0.825287356322 0.798586572438
0.321829497814 0.812643678161 0.793875147232
0.361801564693 0.775862068966 0.757361601885
0.372957617044 0.819540229885 0.795445622301
0.503173232079 0.791954022989 0.765606595995
0.352615058422 0.783908045977 0.745975657636
0.357515752316 0.774712643678 0.73851590106
0.367429971695 0.794252873563 0.760895170789
0.373696684837 0.787356321839 0.762858264625
0.357949972153 0.789655172414 0.75382803298
0.341613769531 0.775862068966 0.755398508049
0.332695007324 0.783908045977 0.75932469572
0.368723839521 0.793103448276 0.768747546133
0.382824510336 0.788505747126 0.754220651747
0.362740665674 0.794252873563 0.755791126816
0.368911921978 0.788505747126 0.751472320377
0.387977182865 0.8 0.768354927366
0.395336419344 0.82183908046 0.803690616411
0.407956302166 0.801149425287 0.785237534354
0.381820380688 0.8 0.76639183353
0.393761098385 0.762068965517 0.72045543777
0.368118196726 0.81724137931 0.794660384766
0.469481915236 0.780459770115 0.742049469965
0.3830049932 0.811494252874 0.782096584217
0.478052645922 0.813793103448 0.795838241068
0.442186236382 0.76091954023 0.729878288182
0.388184010983 0.812643678161 0.798586572438
0.345876157284 0.798850574713 0.769532783667
0.48809120059 0.770114942529 0.736552807224
0.519502580166 0.806896551724 0.780918727915
0.349866986275 0.78275862069 0.754613270514
0.325102806091 0.810344827586 0.795838241068
0.392658144236 0.805747126437 0.780526109148
0.41061270237 0.813793103448 0.775422065175
0.289936870337 0.811494252874 0.793875147232
0.317342758179 0.822988505747 0.804475853946
0.346375852823 0.779310344828 0.737730663526
0.325363308191 0.818390804598 0.78994895956
0.492572128773 0.766666666667 0.726344719278
0.34720286727 0.790804597701 0.76639183353
0.356626659632 0.787356321839 0.762465645858
0.43821850419 0.770114942529 0.746368276404
0.382676392794 0.797701149425 0.775422065175
0.493047833443 0.768965517241 0.728700431881
0.32624912262 0.791954022989 0.767569689831
0.32913839817 0.804597701149 0.786022771888
0.371041893959 0.819540229885 0.805653710247
0.465854555368 0.820689655172 0.803690616411
0.450735360384 0.831034482759 0.807616804083
0.356115788221 0.771264367816 0.737338044759
0.352354466915 0.816091954023 0.795445622301
0.36544278264 0.802298850575 0.778563015312
0.342157125473 0.809195402299 0.789556340793
0.357463002205 0.755172413793 0.70514330585
0.355651050806 0.818390804598 0.795053003534
0.340582698584 0.795402298851 0.757361601885
0.36207318306 0.77816091954 0.744797801335
0.332157701254 0.813793103448 0.804868472713
0.339939415455 0.806896551724 0.780133490381
0.380614429712 0.795402298851 0.775814683942
0.334457993507 0.797701149425 0.769925402434
0.334906220436 0.78275862069 0.740478994896
0.379001885653 0.805747126437 0.773066352572
0.310832768679 0.796551724138 0.752257557911
0.368375390768 0.816091954023 0.78720062819
0.391226381063 0.814942528736 0.786415390656
0.355551421642 0.804597701149 0.777385159011
0.409457623959 0.825287356322 0.803297997644
0.353658169508 0.775862068966 0.747546132705
0.422483891249 0.811494252874 0.789163722026
0.416024059057 0.803448275862 0.775029446408
0.347080618143 0.818390804598 0.791519434629
0.296284466982 0.789655172414 0.77463682764
0.350584447384 0.788505747126 0.760895170789
0.380129933357 0.808045977011 0.78170396545
0.434958487749 0.810344827586 0.793482528465
0.390633165836 0.809195402299 0.78994895956
0.406850576401 0.775862068966 0.738908519827
0.322906047106 0.795402298851 0.773066352572
0.450060606003 0.788505747126 0.752650176678
0.324310660362 0.795402298851 0.767569689831
0.373302578926 0.78275862069 0.75107970161
0.304372608662 0.786206896552 0.760502552022
0.295436412096 0.790804597701 0.760895170789
0.342198938131 0.77816091954 0.749901845308
0.373147934675 0.785057471264 0.75107970161
0.360756218433 0.796551724138 0.77188849627
0.381944835186 0.77816091954 0.764821358461
0.411031186581 0.759770114943 0.712210443659
0.387088209391 0.802298850575 0.772673733804
0.466318637133 0.780459770115 0.757754220652
0.360364258289 0.806896551724 0.77188849627
0.346585452557 0.796551724138 0.776599921476
0.399538338184 0.811494252874 0.784844915587
0.303147405386 0.797701149425 0.775814683942
0.409465909004 0.764367816092 0.745975657636
0.372730493546 0.767816091954 0.722811150373
0.491115927696 0.791954022989 0.762465645858
0.317292004824 0.801149425287 0.790341578327
0.333244085312 0.773563218391 0.743227326266
0.382155954838 0.789655172414 0.768747546133
0.328671962023 0.816091954023 0.784844915587
0.531123280525 0.775862068966 0.745975657636
0.339480489492 0.8 0.765213977228
0.345828145742 0.789655172414 0.771103258736
0.405507773161 0.796551724138 0.767177071064
0.34385317564 0.775862068966 0.739693757362
0.405766755342 0.801149425287 0.780526109148
0.330330729485 0.802298850575 0.765606595995
0.329592972994 0.78275862069 0.744012563801
0.410583883524 0.77816091954 0.744797801335
0.394630968571 0.733333333333 0.676089517079
0.393787205219 0.777011494253 0.740871613663
0.353167414665 0.82183908046 0.797016097369
0.314794301987 0.783908045977 0.753435414213
0.34908503294 0.818390804598 0.80251276011
0.394670575857 0.81724137931 0.795053003534
0.430183976889 0.8 0.793482528465
0.35653796792 0.795402298851 0.78720062819
0.321981400251 0.804597701149 0.782096584217
0.419638454914 0.790804597701 0.760502552022
0.429140090942 0.780459770115 0.746760895171
0.351007312536 0.779310344828 0.749116607774
0.291096121073 0.822988505747 0.804868472713
0.371575772762 0.771264367816 0.738908519827
0.400270164013 0.804597701149 0.791126815862
0.35505515337 0.787356321839 0.764428739694
0.288192540407 0.820689655172 0.809187279152
0.35626038909 0.8 0.770318021201
0.388668596745 0.797701149425 0.780918727915
0.417825192213 0.802298850575 0.768354927366
0.346233516932 0.775862068966 0.734197094621
0.375596135855 0.789655172414 0.764821358461
0.343981474638 0.808045977011 0.786022771888
0.328311622143 0.798850574713 0.773458971339
0.46975710988 0.767816091954 0.718492343934
0.331669509411 0.818390804598 0.800942285041
0.382366031408 0.816091954023 0.795445622301
0.297251999378 0.818390804598 0.78994895956
0.663143217564 0.740229885057 0.685904986258
0.28607827425 0.790804597701 0.761287789556
0.343539953232 0.806896551724 0.786022771888
0.379334002733 0.798850574713 0.779740871614
0.459791600704 0.831034482759 0.80526109148
0.33985543251 0.803448275862 0.788378484492
0.351600378752 0.796551724138 0.774244208873
0.311764746904 0.812643678161 0.790734197095
0.31256917119 0.808045977011 0.782881821751
0.296498388052 0.825287356322 0.800157047507
0.346151262522 0.801149425287 0.767177071064
0.362219899893 0.771264367816 0.725166862976
0.377202808857 0.773563218391 0.731056144484
0.339751124382 0.805747126437 0.775422065175
0.461644768715 0.777011494253 0.73301923832
0.348518550396 0.803448275862 0.780133490381
0.388991087675 0.781609195402 0.748723989007
0.356718152761 0.819540229885 0.797016097369
0.288067668676 0.812643678161 0.791912053396
0.353243708611 0.811494252874 0.785630153121
0.366885334253 0.791954022989 0.767962308598
0.315978705883 0.809195402299 0.777385159011
0.381125211716 0.81724137931 0.796230859835
0.404176354408 0.811494252874 0.792304672163
0.372573554516 0.822988505747 0.78720062819
0.32127186656 0.806896551724 0.783274440518
0.421130567789 0.790804597701 0.750294464075
0.440135598183 0.806896551724 0.790341578327
0.324751764536 0.8 0.775814683942
0.355838179588 0.827586206897 0.804083235179
0.315141320229 0.803448275862 0.788771103259
0.36719161272 0.820689655172 0.787593246957
0.360891491175 0.783908045977 0.754220651747
0.32298579812 0.801149425287 0.771103258736
0.418452352285 0.794252873563 0.773458971339
0.461217582226 0.796551724138 0.790734197095
0.43535554409 0.811494252874 0.793089909698
0.394956201315 0.794252873563 0.75932469572
0.36770182848 0.801149425287 0.780918727915
0.359998255968 0.791954022989 0.757754220652
0.388153076172 0.814942528736 0.797408716137
0.367341309786 0.791954022989 0.76639183353
0.388353317976 0.802298850575 0.783274440518
0.313976943493 0.806896551724 0.784844915587
0.324152767658 0.803448275862 0.770318021201
0.337748765945 0.797701149425 0.757361601885
0.29416590929 0.810344827586 0.790341578327
0.507051348686 0.773563218391 0.732234000785
0.668866038322 0.780459770115 0.747938751472
0.295097738504 0.786206896552 0.742049469965
0.353626787663 0.810344827586 0.793875147232
0.370401084423 0.775862068966 0.736945425991
0.4058855474 0.793103448276 0.761287789556
0.310441195965 0.797701149425 0.764821358461
0.382843971252 0.787356321839 0.767569689831
0.307515531778 0.805747126437 0.789163722026
0.440116167068 0.788505747126 0.752650176678
0.337860405445 0.790804597701 0.764821358461
0.7116792202 0.773563218391 0.744797801335
0.321585297585 0.816091954023 0.793875147232
0.369516819715 0.755172413793 0.700824499411
0.320528388023 0.790804597701 0.764036120927
0.489569276571 0.696551724138 0.652139772281
0.309130430222 0.806896551724 0.786022771888
0.583390712738 0.794252873563 0.782096584217
0.321216136217 0.81724137931 0.795838241068
0.352230250835 0.787356321839 0.751864939144
0.408708482981 0.802298850575 0.776599921476
0.341455847025 0.789655172414 0.761680408324
0.374334186316 0.795402298851 0.772673733804
0.401454627514 0.797701149425 0.765999214762
0.40256229043 0.812643678161 0.784844915587
0.381031602621 0.798850574713 0.777777777778
0.33249565959 0.812643678161 0.786022771888
0.332902312279 0.816091954023 0.790341578327
0.475355923176 0.791954022989 0.77188849627
0.345067709684 0.805747126437 0.774244208873
0.322892695665 0.798850574713 0.758146839419
0.410717993975 0.795402298851 0.758146839419
0.335607230663 0.765517241379 0.716529250098
0.28780901432 0.814942528736 0.794660384766
0.341339945793 0.790804597701 0.748723989007
0.420475453138 0.780459770115 0.752257557911
0.353077322245 0.791954022989 0.75932469572
0.343963712454 0.822988505747 0.797016097369
0.386534273624 0.788505747126 0.754613270514
0.373079150915 0.826436781609 0.803297997644
0.356092840433 0.81724137931 0.797801334904
0.321087300777 0.814942528736 0.78994895956
0.295632958412 0.809195402299 0.782489202984
0.30409270525 0.819540229885 0.786022771888
0.313230961561 0.805747126437 0.782881821751
0.459164470434 0.8 0.775422065175
0.340248674154 0.803448275862 0.784059678053
0.466458559036 0.814942528736 0.792697290931
0.464919745922 0.783908045977 0.757754220652
0.435460060835 0.788505747126 0.758932076953
0.370041012764 0.779310344828 0.745190420102
0.493786692619 0.725287356322 0.691401648999
0.32100918889 0.793103448276 0.7691401649
0.308705985546 0.806896551724 0.777385159011
0.385396689177 0.809195402299 0.788378484492
0.303087681532 0.822988505747 0.800549666274
0.315820097923 0.796551724138 0.778955634079
0.695482254028 0.789655172414 0.764036120927
0.298274278641 0.795402298851 0.771103258736
0.321045100689 0.826436781609 0.806438947782
0.263751983643 0.829885057471 0.811542991755
0.325542867184 0.828735632184 0.802905378877
0.32289814949 0.789655172414 0.765213977228
0.335024535656 0.811494252874 0.788771103259
0.379513770342 0.791954022989 0.764821358461
0.425554662943 0.81724137931 0.78994895956
0.337053567171 0.805747126437 0.782489202984
0.301667958498 0.813793103448 0.78720062819
0.423181414604 0.793103448276 0.765999214762
0.332914322615 0.789655172414 0.762073027091
0.338141798973 0.824137931034 0.805653710247
0.375976294279 0.77816091954 0.758539458186
0.336954563856 0.788505747126 0.761680408324
0.285241574049 0.811494252874 0.793482528465
0.426611244678 0.819540229885 0.796230859835
0.26386141777 0.788505747126 0.763643502159
0.3783634305 0.819540229885 0.807224185316
0.379699200392 0.781609195402 0.75107970161
0.328179955482 0.801149425287 0.780918727915
0.376329302788 0.749425287356 0.703572830781
0.311173826456 0.801149425287 0.762465645858
0.434975922108 0.777011494253 0.743619945033
0.392357558012 0.813793103448 0.788771103259
0.361157417297 0.813793103448 0.784844915587
0.375686138868 0.810344827586 0.786808009423
0.341105103493 0.808045977011 0.776599921476
0.322720885277 0.816091954023 0.803297997644
0.693290770054 0.779310344828 0.736945425991
0.312692731619 0.822988505747 0.79976442874
0.331344753504 0.805747126437 0.777777777778
0.346785575151 0.825287356322 0.794267765999
0.330970197916 0.798850574713 0.775029446408
0.35070040822 0.806896551724 0.786022771888
0.310058295727 0.809195402299 0.789556340793
0.313678175211 0.806896551724 0.78720062819
0.474067866802 0.8 0.767177071064
0.28176176548 0.824137931034 0.801334903808
0.639314770699 0.781609195402 0.742834707499
0.351754069328 0.812643678161 0.786022771888
0.466659963131 0.781609195402 0.748723989007
0.621473371983 0.803448275862 0.777385159011
0.635861575603 0.811494252874 0.800942285041
0.300506442785 0.791954022989 0.765999214762
0.391005247831 0.76091954023 0.735374950923
0.438256621361 0.826436781609 0.794267765999
0.598156094551 0.811494252874 0.789556340793
0.396086841822 0.825287356322 0.807224185316
0.287928760052 0.81724137931 0.806831566549
0.348937630653 0.808045977011 0.780918727915
0.29115408659 0.803448275862 0.787985865724
0.345231920481 0.795402298851 0.764036120927
0.361046493053 0.796551724138 0.762073027091
0.507552206516 0.789655172414 0.762858264625
0.316260278225 0.813793103448 0.789163722026
0.28742146492 0.816091954023 0.791912053396
0.287090450525 0.804597701149 0.782489202984
0.347333073616 0.829885057471 0.809972516686
0.311720579863 0.819540229885 0.796230859835
0.458467751741 0.793103448276 0.750294464075
0.304435282946 0.775862068966 0.740086376129
0.348511815071 0.814942528736 0.789163722026
