1	1
2	2
3	3
4	4
5	5
6	6
7	7
8	8
9	9
10	10
11	11
12	12
13	13
14	14
15	15
16	16
17	17
18	18
19	19
20	20
21	21
22	22
23	23
24	24
25	25
26	21
27	26
28	27
29	28
30	29
31	30
32	31
33	32
34	33
35	34
36	35
37	36
38	37
39	38
40	39
41	40
42	41
43	42
44	43
45	44
46	45
47	46
48	47
49	48
50	49
51	50
52	51
53	52
54	53
55	54
56	55
57	56
58	57
59	58
60	59
61	60
62	61
63	62
64	63
65	59
66	64
67	65
68	66
69	67
70	68
71	69
72	70
73	71
74	72
75	73
76	74
77	75
78	76
79	77
80	78
81	79
82	80
83	81
84	82
85	83
86	84
87	85
88	86
89	87
90	88
91	89
92	90
93	91
94	92
95	93
96	94
97	95
98	96
99	97
100	14
101	98
102	99
103	100
104	101
105	102
105	103
106	104
107	105
108	106
109	107
110	108
111	109
112	110
113	111
114	112
115	113
116	114
117	115
118	116
119	117
120	118
121	119
122	120
123	121
124	122
125	123
126	124
127	125
128	126
129	127
130	128
131	129
132	130
133	131
134	132
135	133
136	134
137	135
138	136
139	137
140	138
141	139
142	140
143	141
144	142
145	143
146	144
147	145
148	146
149	147
150	148
151	149
152	150
153	151
154	137
155	37
156	152
157	153
158	154
159	155
160	156
161	157
162	158
163	5
164	159
165	160
166	161
167	162
168	163
169	164
170	165
171	166
172	167
173	168
174	169
175	170
176	171
177	172
178	173
179	174
180	175
181	176
182	177
183	178
183	179
184	180
185	181
186	182
187	183
188	184
189	185
190	186
191	187
192	188
193	189
194	190
195	191
196	192
197	193
198	194
199	195
200	196
201	197
202	198
203	199
204	200
205	201
206	202
207	203
208	204
209	205
210	206
211	207
212	146
213	208
214	209
215	210
216	167
217	211
218	212
219	213
220	214
221	215
222	216
223	217
224	218
225	219
226	220
227	221
228	222
229	223
230	224
231	225
232	226
233	227
234	156
235	228
236	229
237	230
238	231
239	232
240	233
241	234
242	235
243	236
244	77
245	135
246	237
247	238
248	239
249	240
250	241
251	242
252	243
253	244
254	245
255	205
256	246
257	247
258	248
259	249
260	250
261	251
262	252
263	253
264	254
265	225
266	255
267	256
268	257
269	258
270	259
271	260
272	261
273	262
274	263
275	264
276	265
277	266
278	267
279	268
280	269
281	270
282	271
283	272
284	273
285	274
286	275
287	276
288	96
289	277
290	278
291	279
292	280
293	281
294	282
295	283
296	284
297	285
298	243
299	286
300	287
301	288
302	289
303	230
304	290
305	161
306	291
307	292
308	293
309	294
310	295
311	296
312	297
313	298
314	299
315	300
316	301
317	302
318	210
319	303
320	304
321	305
322	306
323	307
324	308
325	309
326	310
327	311
328	312
329	30
330	313
331	314
332	315
333	316
334	126
335	317
336	318
337	319
338	320
339	321
340	322
341	323
342	54
343	84
344	324
345	325
346	326
347	327
348	328
349	329
350	330
351	331
352	332
353	319
354	333
355	334
356	335
357	336
358	337
359	338
360	339
361	340
362	341
363	342
364	343
365	344
366	345
367	346
368	347
369	348
369	292
370	349
371	350
372	351
373	352
374	353
375	354
376	355
377	355
378	356
379	357
380	358
381	359
382	360
383	361
384	362
385	363
386	364
387	365
388	366
389	367
390	368
391	369
392	370
393	371
394	372
395	373
396	374
397	375
398	376
399	377
400	378
401	379
402	380
403	381
404	382
405	343
406	383
407	101
408	384
409	385
410	386
411	387
412	388
413	389
414	390
415	391
416	392
417	393
418	394
419	395
420	396
421	397
422	398
423	399
424	400
425	401
426	380
427	402
428	403
429	404
430	405
431	406
432	119
433	53
434	247
435	407
436	408
437	409
438	410
439	411
440	336
441	412
442	88
443	413
444	414
445	415
446	416
447	417
448	418
449	419
450	420
451	421
452	422
453	423
454	424
455	425
456	209
457	426
458	427
459	428
460	429
461	430
462	375
463	431
464	432
465	433
466	434
467	435
468	436
469	437
470	438
471	439
472	440
473	441
474	442
475	180
476	443
477	444
478	445
479	446
480	447
481	448
482	219
483	449
484	396
485	450
486	376
487	451
488	428
489	404
490	102
491	452
492	453
493	454
494	455
495	456
496	457
497	458
498	459
499	460
500	461
501	46
502	462
503	463
504	464
505	465
506	428
507	466
508	467
508	468
509	469
510	470
511	471
512	472
513	428
514	473
515	474
516	475
517	476
518	460
519	477
520	478
521	479
522	212
523	480
524	376
525	481
526	482
527	483
528	484
529	485
530	486
531	487
532	99
533	488
534	489
535	490
536	491
537	492
538	493
539	494
540	495
541	496
542	497
543	498
544	499
545	500
546	198
547	501
548	502
549	503
550	504
551	104
552	505
553	506
553	507
554	508
555	509
556	510
557	511
558	512
559	167
560	211
561	513
562	514
563	515
564	516
565	517
566	518
567	519
568	520
568	521
569	522
570	394
571	523
572	524
573	525
574	526
575	527
576	403
577	528
578	529
579	530
580	531
581	532
582	533
583	534
584	535
585	536
586	537
587	538
588	539
589	349
590	540
591	541
592	96
593	529
594	71
595	542
596	543
597	64
598	403
599	399
600	544
601	545
602	546
603	547
604	548
605	549
606	550
607	551
608	552
609	553
610	554
611	555
612	556
613	557
614	558
615	559
616	305
617	560
618	561
619	562
620	563
621	564
622	565
623	361
624	566
625	567
625	568
626	569
627	570
628	571
629	572
630	573
631	574
632	575
633	576
634	231
635	577
636	578
637	579
638	580
639	229
640	581
641	582
642	583
643	584
644	585
645	586
646	587
647	588
648	478
649	589
650	590
651	591
652	592
653	593
654	594
655	595
656	596
657	597
658	598
659	599
660	600
661	601
662	602
663	603
664	604
665	605
666	606
667	607
668	608
669	609
670	610
671	405
672	611
673	104
674	612
675	439
676	613
677	442
678	614
679	615
679	233
680	616
681	617
682	618
683	378
684	619
685	614
686	620
687	621
688	622
689	623
690	624
691	625
692	626
693	627
694	628
695	629
696	236
697	630
698	631
699	632
700	633
701	634
702	635
703	636
704	515
705	637
706	638
707	639
708	640
709	111
710	641
711	642
712	643
713	644
714	645
715	646
716	647
717	585
718	648
719	529
720	649
721	650
722	651
723	652
724	440
725	653
726	567
726	568
727	654
728	655
729	656
730	657
731	658
732	659
733	607
734	620
735	660
736	661
737	662
738	298
739	663
740	664
741	665
742	666
743	667
744	668
745	236
746	669
747	670
748	671
749	376
750	672
751	673
752	674
753	503
754	675
755	676
756	677
757	678
758	679
759	680
760	681
761	682
762	683
762	684
763	685
764	543
765	686
766	687
767	688
768	689
769	690
770	691
771	692
772	693
773	694
774	431
775	695
776	210
777	696
778	697
779	698
780	699
781	700
782	701
783	702
784	703
785	704
786	611
787	705
788	706
789	707
790	708
791	709
792	710
793	711
794	578
795	712
796	713
797	714
798	475
799	472
800	715
801	716
802	717
803	718
804	656
805	719
806	720
807	721
808	722
809	723
810	724
811	725
812	726
813	727
814	728
815	729
816	730
817	731
818	732
819	733
820	734
821	735
822	736
823	434
824	491
825	737
826	738
827	739
828	740
829	741
830	742
831	743
832	744
833	745
834	309
835	563
836	746
837	747
838	748
839	749
840	750
841	751
842	752
843	753
844	754
845	755
846	756
847	498
848	757
849	758
850	759
851	760
852	761
853	762
854	763
855	764
856	765
857	766
858	767
859	768
860	769
861	770
862	755
863	753
864	771
865	772
866	773
867	774
868	775
869	776
870	777
871	778
872	779
873	780
874	781
875	782
876	783
877	784
878	785
879	786
880	787
881	788
882	789
883	790
884	791
885	792
886	793
887	794
888	795
889	796
890	14
891	797
892	798
893	799
894	88
895	800
896	801
897	802
898	803
899	545
900	579
901	804
902	805
903	806
904	807
905	808
906	809
907	810
908	811
909	812
910	813
911	447
912	814
913	815
914	816
915	817
916	818
917	819
918	820
919	821
920	822
921	823
922	824
923	825
924	826
925	45
926	827
927	828
928	111
929	829
930	830
931	831
932	520
933	832
934	833
935	834
936	835
937	836
938	837
939	838
940	839
941	840
942	610
943	452
944	838
945	841
946	842
947	842
948	843
949	432
950	844
951	196
952	845
953	846
954	847
955	848
956	849
957	850
958	851
959	852
960	569
961	853
962	854
963	855
964	856
965	569
966	857
967	858
968	859
969	532
970	860
971	861
972	795
973	862
974	863
975	864
976	865
977	866
978	449
979	867
980	868
981	869
982	686
982	870
983	871
984	297
985	872
986	873
987	874
988	875
989	876
990	877
991	80
992	734
993	65
994	878
995	879
996	880
997	881
998	882
999	649
1000	883
1001	884
1002	329
1003	885
1004	886
1005	657
1006	887
1007	888
1008	179
1009	889
1010	890
1011	891
1012	892
1013	893
1014	894
1015	895
1016	896
1017	897
1018	898
1019	899
1020	289
1021	900
1022	901
1023	902
1024	749
1025	903
1026	904
1027	905
1028	906
1029	907
1030	908
1031	909
1032	910
1033	911
1034	912
1035	913
1036	914
1037	915
1038	916
1039	917
1040	918
1041	919
1042	920
1043	921
1044	922
1045	923
1046	924
1047	925
1048	926
1049	927
1050	928
1051	929
1052	930
1053	931
1054	932
1055	933
1056	934
1057	935
1058	936
1059	937
1060	938
1061	939
1062	940
1063	941
1064	942
1065	943
1066	944
1067	237
1068	945
1069	946
1070	524
1071	947
1072	948
1073	949
1074	950
1075	951
1076	952
1077	953
1078	822
1079	954
1080	955
1081	956
1082	957
1083	958
1084	922
1085	959
1086	960
1087	961
1088	962
1089	963
1090	964
1091	965
1092	966
1093	967
1094	968
1095	842
1096	969
1097	970
1098	971
1099	972
1100	973
1101	974
1102	975
1103	976
1104	977
1105	978
1106	979
1107	980
1108	981
1109	982
1110	983
1111	984
1112	643
1113	985
1114	801
1115	834
1116	956
1117	986
1118	987
1119	653
1120	308
1121	988
1122	419
1123	989
1124	990
1125	991
1126	992
1127	993
1128	994
1129	995
1130	996
1131	997
1132	998
1133	999
1134	1000
1135	1001
1136	1002
1137	1003
1138	1004
1139	1005
1140	1006
1141	1007
1142	1008
1143	1009
1144	1010
1145	1011
1146	1012
1147	1013
1148	1014
1149	1015
1150	750
1151	1016
1152	1017
1153	1018
1154	1019
1155	774
1156	1020
1157	1021
1158	1022
1159	1023
1160	1024
1161	231
1162	1025
1163	1026
1164	1027
1165	1028
1166	1029
1167	1030
1168	1031
1169	1032
1170	737
1171	1033
1172	1034
1173	885
1174	1035
1175	1036
1176	1037
1177	1038
1178	1039
1179	466
1180	1040
1181	413
1182	683
1182	684
1183	1041
1184	1042
1185	1043
1186	1044
1187	1045
1188	1046
1189	1047
1190	1048
1191	7
1192	1049
1193	1050
1194	1051
1195	1052
1196	179
1197	1053
1198	1054
1199	1055
1200	142
1201	1056
1202	1057
1203	1058
1204	1059
1205	657
1206	688
1207	1060
1208	1061
1209	633
1210	1062
1211	475
1212	1063
1213	1064
1214	1065
1215	976
1216	1066
1217	1067
1218	1068
1219	1069
1220	1070
1221	605
1222	854
1223	1071
1224	1072
1225	1073
1226	1074
1227	1075
1228	1076
1229	1077
1230	1078
1231	1079
1232	1080
1233	1081
1234	1082
1235	714
1236	678
1237	1083
1238	1084
1239	956
1240	797
1241	1085
1242	1086
1243	1087
1244	1088
1245	1089
1246	878
1247	1090
1248	1091
1249	1092
1250	683
1251	1093
1252	1094
1253	1095
1254	1096
1255	308
1256	1021
1257	1097
1258	1098
1259	724
1260	423
1261	1099
1262	1100
1263	492
1264	1101
1265	821
1266	1102
1267	1103
1268	1104
1269	711
1270	780
1271	1105
1272	1106
1273	1107
1274	1108
1275	1109
1276	1110
1277	1111
1278	1112
1279	966
1280	1113
1281	1114
1282	41
1283	1082
1284	1115
1285	529
1286	657
1287	46
1288	1116
1289	1117
1290	1118
1291	1119
1292	1120
1293	422
1294	1121
1295	299
1296	1122
1297	1123
1298	1124
1299	1125
1300	1126
1301	715
1302	1127
1303	1128
1304	729
1305	1129
1306	1130
1307	1048
1308	1131
1309	1132
1310	608
1311	1133
1312	882
1313	1134
1314	1135
1315	1136
1316	1137
1317	1138
1318	1139
1319	663
1320	1140
1321	1141
1322	1142
1323	1143
1324	450
1325	1144
1326	574
1327	1145
1328	1146
1329	1147
1330	1148
1331	1149
1332	1150
1333	1151
1334	111
1335	1152
1336	1153
1337	1154
1338	1155
1339	1156
1340	1157
1341	1158
1342	1159
1343	1160
1344	1161
1345	1162
1346	371
1347	1163
1348	1164
1349	1165
1350	1166
1351	1167
1352	1168
1353	1169
1354	1170
1355	1171
1355	1172
1356	1173
1357	571
1358	1174
1359	1175
1360	1176
1361	1177
1362	1178
1363	1179
1364	1180
1365	1181
1366	1182
1367	1183
1368	1184
1369	1185
