0.693084001541
0.692913293839
0.692345142365
0.69206315279
0.691290199757
0.69018393755
0.689364910126
0.687741875648
0.683293402195
0.680097341537
0.673797607422
0.656486034393
0.648625314236
0.642006158829
0.606966197491
0.567235887051
0.536959290504
0.509900450706
0.527892768383
0.549140155315
0.509642720222
0.504268586636
0.49536049366
0.550435245037
0.462583422661
0.451293766499
0.424683123827
0.579322874546
0.430259108543
0.475202798843
0.440618246794
0.381565064192
0.418157070875
0.368134409189
0.431753605604
0.49165520072
0.418155401945
0.332507938147
0.416506797075
0.389837950468
0.45079806447
0.405981600285
0.448078244925
0.377837091684
0.357520103455
0.400929421186
0.375333487988
0.387738734484
0.337608426809
0.291375160217
0.402736634016
0.482957661152
0.443647950888
0.290154278278
0.349198639393
0.199742883444
0.347897440195
0.328802764416
0.263559520245
0.257728457451
0.38268879056
0.353933990002
0.35277608037
0.35234823823
0.262639582157
0.324114233255
0.411544293165
0.362721711397
0.352375477552
0.511511087418
0.315077126026
0.283616960049
0.463713496923
0.264319181442
0.463805496693
0.466514438391
0.372451752424
0.328356921673
0.344659984112
0.283689886332
0.455910801888
0.309103250504
0.243807241321
0.241162955761
0.213702827692
0.232490003109
0.329731553793
0.367893755436
0.367893755436 0.883908045977
0.356106489897
0.600016236305
0.335229754448
0.323974579573
0.298344135284
0.382846385241
0.265429705381
0.285084754229
0.283727228642
0.391453921795
0.322319984436
0.348271369934
0.282757312059
0.240192234516
0.304715365171
0.304316133261
0.252006113529
0.344407349825
0.412284433842
0.325186640024
0.355979561806
0.242951452732
0.340191394091
0.278233975172
0.270574778318
0.253083139658
0.321891397238
0.191161110997
0.414815753698
0.251625448465
0.425092279911
0.378512918949
0.307620227337
0.469586193562
0.280069231987
0.278688877821
0.301442801952
0.279151469469
0.28052559495
0.339330404997
0.235212534666
0.306678950787
0.307396948338
0.249109491706
0.311687320471
0.298839539289
0.350304782391
0.326150536537
0.286151647568
0.315320491791
0.266542077065
0.33144184947
0.301499724388
0.269067674875
0.27165132761
0.382716715336
0.305433422327
0.272915452719
0.451732039452
0.322372406721
0.345537185669
0.317215532064
0.329495608807
0.352068454027
0.409028828144
0.232587397099
0.198968678713
0.279919326305
0.294484853745
0.347697794437
0.276406109333
0.318903684616
0.338126957417
0.2955070436
0.304855465889
0.195619761944
0.303832083941
0.257958650589
0.286381274462
0.25152733922
0.239922806621
0.22015543282
0.259294271469
0.197768256068
0.365999668837
0.30538135767
0.330408364534
0.203514292836
0.203514292836 0.9
0.223137453198
0.30131521821
0.184475824237
0.233902230859
0.357537835836
0.371194958687
0.316509842873
0.428630173206
0.307496190071
0.301180481911
0.289182186127
0.274943262339
0.252194672823
0.280610144138
0.206950649619
0.308957964182
0.347542345524
0.288609176874
0.282744914293
0.180393263698
0.143296912313
0.290652453899
0.354303956032
0.22697456181
0.411894351244
0.336592704058
0.249555364251
0.28561732173
0.264154911041
0.383168876171
0.342241436243
0.203207686543
0.34791970253
0.414393723011
0.296781897545
0.302438676357
0.3060785532
0.264991372824
0.217515140772
0.310229182243
0.245157450438
0.237275853753
0.306754887104
0.351773500443
0.277740865946
0.277067422867
0.281145751476
0.279453933239
0.288950502872
0.29564255476
0.218503430486
0.238720953465
0.173751547933
0.240147650242
0.279364258051
0.326589971781
0.342976927757
0.346208423376
0.266935527325
0.247946828604
0.291529089212
0.390134811401
0.26936802268
0.338167607784
0.263318628073
0.284123241901
0.208102822304
0.538220226765
0.382614940405
0.307047218084
0.245913282037
0.309716433287
0.235828876495
0.390581220388
0.246204987168
0.278281569481
0.248461738229
0.28875079751
0.35587516427
0.408162564039
0.26965367794
0.281192243099
0.31844419241
0.348281085491
0.275365710258
0.334577649832
0.191155135632
0.351094514132
0.351094514132 0.898850574713
0.222411677241
0.216520190239
0.320343434811
0.198659241199
0.264985859394
0.372864335775
0.275391817093
0.378247261047
0.178784251213
0.206659644842
0.245274946094
0.170157790184
0.231733947992
0.295809447765
0.356774508953
0.458727806807
0.274962007999
0.247729569674
0.293264776468
0.282012045383
0.521778285503
0.254671543837
0.225976243615
0.270958602428
0.220795556903
0.229467198253
0.308303505182
0.28301230073
0.336449921131
0.258065730333
0.273299127817
0.289558619261
0.267242670059
0.300377815962
0.222898751497
0.208844363689
0.215488478541
0.12281742692
0.240084245801
0.286249876022
0.404595255852
0.284928768873
0.161226257682
0.329331666231
0.264158815145
0.38491410017
0.254890918732
0.339825242758
0.29035371542
0.318803906441
0.290272325277
0.388751834631
0.283033877611
0.193604290485
0.255547583103
0.231286674738
0.309258580208
0.27151748538
0.327843844891
0.303407758474
0.255208313465
0.370370060205
0.259808689356
0.237859860063
0.303871333599
0.203082635999
0.267810553312
0.231140047312
0.188377082348
0.422469526529
0.295310050249
0.280163913965
0.351937204599
0.222334116697
0.3151948452
0.342327088118
0.253562450409
0.323639631271
0.234115749598
0.329540669918
0.253757953644
0.266160309315
0.30467247963
0.354758411646
0.431552737951
0.239570915699
0.308204293251
0.271865010262
0.271865010262 0.903448275862
0.249226778746
0.288875073195
0.304343193769
0.231304183602
0.245308473706
0.357095420361
0.279795736074
0.247896581888
0.303480386734
0.158265396953
0.280953705311
0.184574529529
0.281578570604
0.192918658257
0.23761844635
0.359408885241
0.213206648827
0.261661469936
0.415872216225
0.259214729071
0.367013335228
0.364730268717
0.365352123976
0.268726736307
0.304970681667
0.378741949797
0.261730104685
0.256658136845
0.218775138259
0.247637838125
0.308071523905
0.264683127403
0.393929302692
0.237249106169
0.242455884814
0.287479966879
0.238938853145
0.34325453639
0.191993653774
0.332044094801
0.259080320597
0.193833142519
0.192460551858
0.337807059288
0.421935170889
0.267010003328
0.209468662739
0.210861742496
0.270270466805
0.184181824327
0.137226998806
0.311751365662
0.150788113475
0.196367457509
0.336723595858
0.254497140646
0.232805162668
0.267315715551
0.318375945091
0.282106101513
0.285184502602
0.283602207899
0.361172795296
0.326113134623
0.187965810299
0.327325552702
0.387891620398
0.199820116162
0.265146404505
0.237953484058
0.22037486732
0.21522834897
0.244340837002
0.34141638875
0.250264078379
0.326783418655
0.24652568996
0.239988684654
0.161526381969
0.232057839632
0.413407474756
0.403818666935
0.302671343088
0.314343363047
0.27253472805
0.231997400522
0.287923783064
0.319481164217
0.319481164217 0.905747126437
0.277965664864
0.189627602696
0.29443141818
0.19846509397
0.238402321935
0.325019061565
0.26117375493
0.396625697613
0.191792845726
0.166454091668
0.19157999754
0.193336397409
0.299424052238
0.274594008923
0.249496638775
0.230994641781
0.348060339689
0.194406524301
0.377926975489
0.226522102952
0.3637560606
0.238918587565
0.218366548419
0.292620062828
0.253165185452
0.229756474495
0.290530085564
0.192377701402
0.188773229718
0.400386124849
0.246399208903
0.201307311654
0.255280524492
0.164437353611
0.306480020285
0.200405135751
0.304482966661
0.267683982849
0.270554453135
0.329837650061
0.392378777266
0.276966094971
0.322249919176
0.364642679691
0.139073967934
0.328003704548
0.348847687244
0.228538528085
0.317660957575
0.167958453298
0.248865604401
0.342966884375
0.274647772312
0.342883825302
0.279923379421
0.375532716513
0.183919861913
0.25684890151
0.249363124371
0.249976500869
0.210406213999
0.180152803659
0.243548586965
0.29010862112
0.240429222584
0.49707236886
0.281591922045
0.375258684158
0.245358601213
0.24127599597
0.275392889977
0.289789557457
0.285189211369
0.297735065222
0.2669942379
0.310040265322
0.286233663559
0.245596200228
0.263220906258
0.256028085947
0.241076588631
0.269657462835
0.198749497533
0.219676166773
0.206417843699
0.304726362228
0.312071293592
0.282746940851
0.282746940851 0.897701149425
0.243571296334
0.283444821835
0.221860617399
0.248426988721
0.304425954819
0.388685464859
0.301232337952
0.302356332541
0.313111424446
0.336307495832
0.231326252222
0.248130977154
0.160578802228
0.155116930604
0.22383466363
0.295346826315
0.222875326872
0.270894765854
0.206816017628
0.180892422795
0.200890004635
0.383546918631
0.198913633823
0.24317252636
0.340371370316
0.295817553997
0.292551547289
0.250967532396
0.264391034842
0.32443934679
0.319213837385
0.212743014097
0.315749883652
0.316382706165
0.251772850752
0.259105533361
0.230950683355
0.221147730947
0.210884183645
0.345240056515
0.194554105401
0.235980287194
0.170016273856
0.237751886249
0.258665859699
0.233982414007
0.371087163687
0.222085908055
0.339034855366
0.183655455709
0.392737537622
0.208424627781
0.340625375509
0.23064699769
0.338142573833
0.189003348351
0.193217232823
0.279418766499
0.291557163
0.336180716753
0.226092427969
0.201835885644
0.276192873716
0.27807456255
0.289215862751
0.230031430721
0.312717616558
0.360928028822
0.207841470838
0.254511058331
0.329486846924
0.260867476463
0.187860742211
0.258876889944
0.286331176758
0.230753883719
0.298873871565
0.140602186322
0.221524178982
0.225929751992
0.215737566352
0.169913500547
0.343917489052
0.269131451845
0.506951928139
0.361893057823
0.269870877266
0.314911872149
0.314911872149 0.902298850575
0.245545580983
0.295230388641
0.235528722405
0.270948559046
0.275336146355
0.330834001303
0.25396335125
0.382714122534
0.245440945029
0.318856924772
0.30293405056
0.212441965938
0.247308000922
0.293703854084
0.249249190092
0.263204038143
0.2838511765
0.241044521332
0.193383947015
0.188519179821
0.303200364113
0.174323558807
0.366800874472
0.255406022072
0.247030183673
0.225963398814
0.219526827335
0.290713816881
0.346247851849
0.264725238085
0.205066904426
0.197378486395
0.327857255936
0.268764585257
0.239043995738
0.330600291491
0.293084383011
0.35585051775
0.273700535297
0.240928038955
0.273795813322
0.23211568594
0.217082932591
0.329288601875
0.306325793266
0.240777716041
0.28788754344
0.189062789083
0.343633502722
0.289485186338
0.263279169798
0.29123339057
0.242176383734
0.197148606181
0.323408484459
0.361772179604
0.271111875772
0.34206199646
0.270264387131
0.276062726974
0.216254219413
0.223103746772
0.242402374744
0.181811183691
0.261818408966
0.318621248007
0.265502750874
0.256136059761
0.251378983259
0.227138981223
0.362727701664
0.248033225536
0.248424127698
0.15277852118
0.173636421561
0.230544269085
0.246798530221
0.191657319665
0.19326800108
0.287838459015
0.241240203381
0.190697595477
0.345261156559
0.179894581437
0.192933276296
0.14271864295
0.25501576066
0.344040602446
0.344040602446 0.908045977011
0.337364554405
0.241993501782
0.327445536852
0.329091221094
0.181346192956
0.180525153875
0.186641484499
0.247317865491
0.149971500039
0.24460311234
0.233022943139
0.286453783512
0.229394719005
0.284113794565
0.235468089581
0.118469752371
0.198049768806
0.253139793873
0.226247519255
0.27928096056
0.333585858345
0.288873434067
0.309800446033
0.154746100307
0.256855458021
0.336078822613
0.292873620987
0.185889467597
0.21971693635
0.247049212456
0.282934695482
0.344663709402
0.30059543252
0.319707632065
0.287716537714
0.349274069071
0.25570717454
0.307918280363
0.337332755327
0.282636612654
0.261079549789
0.370608717203
0.17580640316
0.297703206539
0.193237453699
0.237624421716
0.207368046045
0.212469518185
0.288744837046
0.1966227144
0.255617678165
0.24813516438
0.12347715348
0.516857743263
0.192319095135
0.256449639797
0.277197241783
0.191612780094
0.352852165699
0.201346129179
0.229581221938
0.313290983438
0.255199819803
0.198949277401
0.205393359065
0.254591017962
0.243650451303
0.262622922659
0.294752776623
0.209793493152
0.283301860094
0.147802487016
0.237335130572
0.263750731945
0.253850311041
0.232901275158
0.330328166485
0.167676195502
0.220847934484
0.332295924425
0.281364917755
0.237611100078
0.26646193862
0.309586822987
0.214925765991
0.213926240802
0.164194867015
0.373440086842
0.373440086842 0.905747126437
0.289907753468
0.223214358091
0.265803426504
0.256657987833
0.270143687725
0.234591603279
0.233384698629
0.355590999126
0.349774450064
0.242542862892
0.248051434755
0.227354824543
0.250409603119
0.308198213577
0.221085011959
0.188306063414
0.259182631969
0.404715448618
0.163660660386
0.251662790775
0.259687244892
0.180893748999
0.150358170271
0.344229012728
0.21772505343
0.292671173811
0.249127432704
0.281089574099
0.281585782766
0.343901991844
0.335464626551
0.251629829407
0.215541660786
0.128888443112
0.341455340385
0.260341256857
0.213238120079
0.220093265176
0.289651215076
0.30027616024
0.350824892521
0.301252186298
0.384093165398
0.21058793366
0.175809711218
0.139229118824
0.309847265482
0.127586424351
0.206669136882
0.313724458218
0.243952140212
0.301649391651
0.135535076261
0.33608341217
0.271671414375
0.186240240932
0.343580365181
0.244232773781
0.170745238662
0.281267732382
0.221167564392
0.26906439662
0.232825264335
0.277211159468
0.354598402977
0.164306923747
0.179992079735
0.286791682243
0.260357409716
0.299490839243
0.131390735507
0.180828019977
0.209529474378
0.324305385351
0.269380807877
0.288985133171
0.175867512822
0.232519969344
0.345373302698
0.294159263372
0.385371118784
0.240384355187
0.317606627941
0.258015602827
0.207384929061
0.236468270421
0.166077315807
0.351311117411
0.351311117411 0.911494252874
0.21415823698
0.204598814249
0.167921051383
0.201065957546
0.269674509764
0.304710447788
0.316247522831
0.230751439929
0.122229024768
0.352960437536
0.354417681694
0.328180462122
0.311809569597
0.254254579544
0.418558090925
0.300882250071
0.243031293154
0.213452279568
0.237753093243
0.254692107439
0.353456944227
0.184312418103
0.252819508314
0.209910750389
0.257732272148
0.293203443289
0.173233777285
0.231900885701
0.212319165468
0.134961172938
0.146694943309
0.299158990383
0.189881742001
0.224456995726
0.177090510726
0.295940995216
0.210087999701
0.207665860653
0.204989254475
0.171473309398
0.150877431035
0.433552771807
0.286058545113
0.266413450241
0.253783524036
0.249015539885
0.247020065784
0.269758194685
0.328778147697
0.214530006051
0.33050391078
0.291260778904
0.281644165516
0.323418915272
0.265442013741
0.240568011999
0.220171660185
0.287030488253
0.198528900743
0.308240920305
0.364366561174
0.268007576466
0.329672992229
0.243769183755
0.258645296097
0.266964524984
0.252747803926
0.367639571428
0.213115632534
0.154372423887
0.210231825709
0.265353649855
0.232222154737
0.417065173388
0.265244871378
0.23179204762
0.16787186265
0.307149469852
0.212894231081
0.264058917761
0.197908520699
0.242204129696
0.316809564829
0.206448495388
0.271430522203
0.322595506907
0.19398547709
0.255489289761
0.255489289761 0.910344827586
0.207996249199
0.286936879158
0.410312473774
0.236926540732
0.222650334239
0.2526293993
0.201024785638
0.258662045002
0.212400615215
0.285754650831
0.2497510463
0.377763926983
0.263425171375
0.217153564095
0.264940291643
0.288307905197
0.17501975596
0.268450826406
0.166284754872
0.274337857962
0.183613091707
0.225345656276
0.21370562911
0.249378755689
0.213464990258
0.253735512495
0.168957278132
0.386063188314
0.208599045873
0.271655440331
0.17600658536
0.264601320028
0.213481485844
0.272897273302
0.220978856087
0.185509949923
0.350201636553
0.160942822695
0.314206361771
0.342093765736
0.242634251714
0.29085251689
0.267419397831
0.322070270777
0.245053216815
0.255873173475
0.244625747204
0.256095260382
0.254741698503
0.302097439766
0.282711535692
0.261129677296
0.177381515503
0.244951665401
0.188300341368
0.240789934993
0.338233530521
0.213011458516
0.278096228838
0.239219337702
0.235995814204
0.171816155314
0.259284764528
0.252439141273
0.234426930547
0.262955874205
0.216709896922
0.17717435956
0.308191776276
0.155739635229
0.216270714998
0.13339664042
0.262893170118
0.207108065486
0.194121554494
0.374123156071
0.332800447941
0.235363259912
0.492115139961
0.296411275864
0.259087920189
0.161789089441
0.190710157156
0.245278373361
0.181917056441
0.25663548708
0.17765930295
0.364432841539
0.364432841539 0.906896551724
0.247345149517
0.213924750686
0.309837013483
0.308750659227
0.24988283217
0.296714693308
0.308663189411
0.18138641119
0.259141087532
0.171796739101
0.272451668978
0.217577338219
0.267473191023
0.245512530208
0.428772926331
0.299156546593
0.237123414874
0.350085675716
0.373848378658
0.24434247613
0.193759784102
0.24388474226
0.242221236229
0.232165768743
0.254658341408
0.188088700175
0.207934245467
0.220044314861
0.277221858501
0.270851284266
0.245736300945
0.135734036565
0.28310123086
0.428507715464
0.197449415922
0.190670743585
0.135302767158
0.160190328956
0.292733728886
0.408881962299
0.222236245871
0.217909693718
0.135001465678
0.127560734749
0.307115674019
0.172117844224
0.16561986506
0.247367396951
0.243782326579
0.212752997875
0.363769084215
0.332407772541
0.250257104635
0.155245020986
0.147176146507
0.251485586166
0.176152214408
0.219558179379
0.331162303686
0.215393334627
0.197390168905
0.270014882088
0.428297072649
0.209994062781
0.26817214489
0.206296041608
0.254151314497
0.470570862293
0.195141300559
0.287832677364
0.221436619759
0.229808032513
0.236538022757
0.345551043749
0.218507274985
0.251873463392
0.164093419909
0.311627417803
0.205390393734
0.250504046679
0.252417504787
0.18948058784
0.24507175386
0.293198823929
0.254865825176
0.266166806221
0.200344339013
0.252129405737
0.252129405737 0.913793103448
0.236000627279
0.188875585794
0.230978742242
0.191184729338
0.18824416399
0.254163056612
0.200697362423
0.20857436955
0.314710974693
0.316397488117
0.236628934741
0.200115248561
0.146647840738
0.184647500515
0.27671405673
0.350317299366
0.291065841913
0.249919950962
0.247385084629
0.34375679493
0.257851690054
0.255469858646
0.291407465935
0.144790127873
0.174890562892
0.297111570835
0.218301713467
0.199501916766
0.276087552309
0.170992016792
0.270087748766
0.256832003593
0.331040143967
0.373300969601
0.292520165443
0.299527943134
0.179929748178
0.312507331371
0.265744507313
0.201903343201
0.15146291256
0.210769221187
0.214082166553
0.316943734884
0.165831908584
0.205681189895
0.219425067306
0.246464550495
0.215566769242
0.189351260662
0.157483533025
0.165995612741
0.193802624941
0.288940638304
0.21549102664
0.171496450901
0.163983076811
0.312623202801
0.252036452293
0.42685213685
0.264649152756
0.276989549398
0.197872698307
0.323173224926
0.291635274887
0.19888959825
0.202022686601
0.334996491671
0.241798684001
0.224913060665
0.300945550203
0.291876792908
0.406205743551
0.280744165182
0.396904826164
0.318141639233
0.207803249359
0.183511599898
0.237981036305
0.193528294563
0.280035197735
0.321222811937
0.262462377548
0.274692624807
0.307975262403
0.156685620546
0.17215795815
0.325393378735
0.325393378735 0.9
0.389835476875
0.293618649244
0.252233088017
0.34008026123
0.183340400457
0.15845580399
0.26981818676
0.287456542253
0.343679577112
0.243736043572
0.25076380372
0.309941768646
0.306395232677
0.273866832256
0.219094887376
0.298022717237
0.307777374983
0.18762485683
0.184632763267
0.399453818798
0.296395361423
0.279020816088
0.182434827089
0.302927881479
0.188215985894
0.234637752175
0.320610553026
0.320140749216
0.285946935415
0.30643761158
0.267539411783
0.294404685497
0.238479942083
0.318962335587
0.209309160709
0.353890269995
0.265315324068
0.144748359919
0.255975216627
0.219203293324
0.233081802726
0.236241996288
0.247599929571
0.199131429195
0.285247921944
0.401050060987
0.239040836692
0.263263463974
0.234078943729
0.268963456154
0.248371779919
0.196953728795
0.300921350718
0.240101292729
0.300208598375
0.296007454395
0.192329600453
0.262422859669
0.211119905114
0.206083849072
0.232854545116
0.231412544847
0.159273803234
0.268772572279
0.135668501258
0.218800336123
0.181933179498
0.191736489534
0.25572732091
0.250980943441
0.195383697748
0.212901592255
0.262815475464
0.226371988654
0.285726845264
0.263955235481
0.23951511085
0.214504420757
0.217474028468
0.232924371958
0.312488645315
0.279292225838
0.196751207113
0.149863779545
0.160578653216
0.114903450012
0.182437464595
0.114523723722
0.114523723722 0.914942528736
0.272763490677
0.285290032625
0.24359677732
0.143267646432
0.301627248526
0.302779972553
0.238331571221
0.235627636313
0.154819667339
0.16949865222
0.191962197423
0.314979165792
0.296735405922
0.237327322364
0.125601992011
0.149183794856
0.312451034784
0.227441295981
0.15863904357
0.161423742771
0.406284838915
0.254374027252
0.209805950522
0.160803943872
0.248621463776
0.290672957897
0.349584132433
0.200952470303
0.248386576772
0.265961110592
0.222841277719
0.196705952287
0.25294482708
0.19753266871
0.289714068174
0.224202677608
0.278077572584
0.17425365746
0.233008295298
0.159956261516
0.262724488974
0.252697527409
0.249324396253
0.213829323649
0.227078780532
0.140158876777
0.252851217985
0.177336990833
0.285078436136
0.225722029805
0.162768647075
0.22676281631
0.195578023791
0.200591757894
0.359007388353
0.264815986156
0.399086266756
0.186496451497
0.382353961468
0.169573575258
0.206042230129
0.243343755603
0.244355142117
0.244953855872
0.256248772144
0.273665398359
0.204175725579
0.241509184241
0.154735773802
0.342817723751
0.198278084397
0.260040432215
0.213375166059
0.250513345003
0.293688893318
0.325595289469
0.312690198421
0.277537107468
0.171389251947
0.219760164618
0.232377707958
0.275093078613
0.332917183638
0.320124030113
0.364193379879
0.233864113688
0.17593601346
0.180300444365
0.180300444365 0.914942528736
0.231232494116
0.222685053945
0.251668006182
0.257552742958
0.163544982672
0.234569683671
0.200894147158
0.222145214677
0.17745500803
0.27956956625
0.367190867662
0.160544320941
0.240702033043
0.261871308088
0.285064399242
0.231472164392
0.204481169581
0.260579258204
0.272830605507
0.166851952672
0.313941806555
0.177420914173
0.233737334609
0.221105441451
0.263481497765
0.211777612567
0.199764430523
0.211768209934
0.308370381594
0.260985404253
0.205475285649
0.42865884304
0.241903364658
0.189578309655
0.287109732628
0.322803914547
0.316535711288
0.415385812521
0.169850066304
0.174954622984
0.186166346073
0.274044066668
0.256685525179
0.177897036076
0.240394502878
0.196437373757
0.265892058611
0.228843569756
0.227331548929
0.272082149982
0.224761977792
0.274295389652
0.254091799259
0.362189799547
0.268569856882
0.268952161074
0.264517039061
0.248104348779
0.143955484033
0.222674161196
0.175636515021
0.124587059021
0.276166409254
0.223854020238
0.320440381765
0.160041406751
0.162920325994
0.244554311037
0.141229480505
0.195313602686
0.19936875999
0.20431856811
0.268431454897
0.470037609339
0.241312563419
0.304810345173
0.149842709303
0.203119054437
0.188731685281
0.189982488751
0.213059291244
0.213730424643
0.336350739002
0.235117167234
0.315306842327
0.235763967037
0.288059175014
0.273693174124
0.273693174124 0.909195402299
0.213513016701
0.277812361717
0.286113142967
0.239369824529
0.228194519877
0.288817793131
0.195323601365
0.244994297624
0.267202675343
0.162664949894
0.258806943893
0.232250571251
0.28969553113
0.25840729475
0.148248538375
0.189810961485
0.352966487408
0.287499278784
0.17458024621
0.309523254633
0.25130879879
0.197100386024
0.217820182443
0.303332239389
0.246715635061
0.208438172936
0.240582287312
0.306012392044
0.181371510029
0.394609838724
0.262214422226
0.245768219233
0.288907080889
0.221433550119
0.228130415082
0.190667822957
0.21101179719
0.280904173851
0.192213252187
0.231466069818
0.228790715337
0.216761574149
0.303418278694
0.255737274885
0.26408675313
0.155845865607
0.180910468102
0.410533934832
0.208751425147
0.201374575496
0.213761657476
0.276197850704
0.164211973548
0.214238092303
0.27931317687
0.149819269776
0.273149341345
0.252781838179
0.235473617911
0.257067084312
0.160165920854
0.232852056623
0.262519925833
0.212443560362
0.217187955976
0.200081422925
0.245225697756
0.226253151894
0.16898354888
0.182664304972
0.204956263304
0.389805644751
0.336476862431
0.257297635078
0.16114962101
0.242208391428
0.250804245472
0.269781559706
0.16439089179
0.180258527398
0.192790985107
0.446796864271
0.239022195339
0.179491519928
0.313813567162
0.234498158097
0.279751330614
0.304141432047
0.304141432047 0.906896551724
0.200433209538
0.271210938692
0.282229065895
0.269113302231
0.278635680676
0.264045149088
0.210359632969
0.256699860096
0.209162831306
0.214511200786
0.21980831027
0.215377241373
0.301966607571
0.267340779305
0.116883523762
0.334776103497
0.313505679369
0.223984897137
0.180141970515
0.210683614016
0.261094212532
0.170017912984
0.239936470985
0.203501313925
0.240545079112
0.224689945579
0.296797573566
0.162060827017
0.159187182784
0.374583542347
0.226910442114
0.243001207709
0.340169399977
0.212775185704
0.323813319206
0.214359328151
0.253822624683
0.256120800972
0.235634580255
0.296852886677
0.241521418095
0.222025439143
0.144166395068
0.291567355394
0.111594289541
0.161621794105
0.262399017811
0.280908048153
0.16730633378
0.229135796428
0.264868080616
0.200663000345
0.185470089316
0.15536223352
0.259803324938
0.248527720571
0.178685843945
0.255503475666
0.205796390772
0.181006655097
0.357461750507
0.165470004082
0.122115172446
0.176598221064
0.243583425879
0.229154840112
0.236907124519
0.281474590302
0.226548045874
0.375980645418
0.184713214636
0.270645737648
0.240828171372
0.229112416506
0.351145654917
0.297546625137
0.28245639801
0.177363276482
0.178111702204
0.30496135354
0.198308989406
0.168536543846
0.33053123951
0.236620157957
0.225032895803
0.129807725549
0.333006948233
0.223179295659
0.223179295659 0.912643678161
0.165908321738
0.24292999506
0.310347318649
0.231765091419
0.203220665455
0.232517972589
0.198010772467
0.315376102924
0.289114922285
0.264691859484
0.178284421563
0.241537958384
0.1383613199
0.241824924946
0.239726603031
0.210520386696
0.198595315218
0.237682744861
0.464805006981
0.203741282225
0.23838506639
0.1935351789
0.189070031047
0.140880912542
0.191437333822
0.133939132094
0.223493382335
0.324942499399
0.186774551868
0.196207001805
0.236231446266
0.178815424442
0.201704502106
0.125802367926
0.174970209599
0.41724100709
0.186690330505
0.198562666774
0.187886580825
0.295540988445
0.204880788922
0.130207479
0.142939031124
0.275107651949
0.232624873519
0.241436690092
0.321723252535
0.195741385221
0.240869775414
0.237377032638
0.233007967472
0.207620888948
0.386025309563
0.24221175909
0.136948630214
0.243747964501
0.243282273412
0.295713812113
0.166137605906
0.335165858269
0.227258324623
0.173102378845
0.299451500177
0.281608104706
0.177090659738
0.201416924596
0.18139757216
0.25999879837
0.273869127035
0.362464785576
0.216349795461
0.17480276525
0.379974484444
0.258316338062
0.232295796275
0.307153403759
0.31857213378
0.200436681509
0.187040045857
0.183850154281
0.321594685316
0.167229905725
0.299673587084
0.136657088995
0.22369030118
0.322307407856
0.194746673107
0.203620001674
0.203620001674 0.906896551724
0.924762600438
