0.000000000000000000e+00 4.100730642676353455e-02
0.000000000000000000e+00 1.485137790441513062e-01
0.000000000000000000e+00 9.976192377507686615e-03
0.000000000000000000e+00 6.204685941338539124e-02
0.000000000000000000e+00 7.528744637966156006e-03
0.000000000000000000e+00 5.486956983804702759e-02
0.000000000000000000e+00 2.730446457862854004e-01
0.000000000000000000e+00 5.827121734619140625e-01
0.000000000000000000e+00 2.186160683631896973e-01
0.000000000000000000e+00 4.495906084775924683e-02
0.000000000000000000e+00 2.002650201320648193e-01
0.000000000000000000e+00 4.467956721782684326e-02
0.000000000000000000e+00 4.748452454805374146e-02
0.000000000000000000e+00 2.250792682170867920e-01
0.000000000000000000e+00 1.252586767077445984e-02
0.000000000000000000e+00 5.219192430377006531e-02
0.000000000000000000e+00 7.299780100584030151e-02
0.000000000000000000e+00 4.565175250172615051e-02
0.000000000000000000e+00 5.622014775872230530e-02
0.000000000000000000e+00 2.613036148250102997e-02
0.000000000000000000e+00 4.666251316666603088e-02
0.000000000000000000e+00 4.428509622812271118e-02
0.000000000000000000e+00 3.842513635754585266e-02
0.000000000000000000e+00 1.391025781631469727e-01
0.000000000000000000e+00 3.934756666421890259e-02
0.000000000000000000e+00 4.630971327424049377e-02
0.000000000000000000e+00 5.715264473110437393e-03
0.000000000000000000e+00 4.024678468704223633e-02
0.000000000000000000e+00 5.210990831255912781e-02
0.000000000000000000e+00 4.128396883606910706e-02
0.000000000000000000e+00 3.746919333934783936e-02
0.000000000000000000e+00 3.968320786952972412e-02
0.000000000000000000e+00 1.240466907620429993e-02
0.000000000000000000e+00 1.629396378993988037e-01
0.000000000000000000e+00 6.134917214512825012e-02
0.000000000000000000e+00 7.725041359663009644e-03
0.000000000000000000e+00 4.473243653774261475e-02
0.000000000000000000e+00 4.419760033488273621e-02
0.000000000000000000e+00 8.520002365112304688e-01
0.000000000000000000e+00 7.342402357608079910e-03
0.000000000000000000e+00 1.213033590465784073e-02
0.000000000000000000e+00 1.725477874279022217e-01
0.000000000000000000e+00 4.029930010437965393e-02
0.000000000000000000e+00 3.846121579408645630e-02
0.000000000000000000e+00 7.425300031900405884e-02
0.000000000000000000e+00 1.322225630283355713e-01
0.000000000000000000e+00 4.426907375454902649e-02
0.000000000000000000e+00 3.839010745286941528e-02
0.000000000000000000e+00 3.762362152338027954e-02
0.000000000000000000e+00 8.637291379272937775e-03
0.000000000000000000e+00 3.976411372423171997e-02
0.000000000000000000e+00 3.869631886482238770e-02
0.000000000000000000e+00 3.819202259182929993e-02
0.000000000000000000e+00 5.003811046481132507e-02
0.000000000000000000e+00 4.680122062563896179e-02
0.000000000000000000e+00 5.152166634798049927e-02
0.000000000000000000e+00 4.780241474509239197e-02
0.000000000000000000e+00 5.182029679417610168e-02
0.000000000000000000e+00 5.494140088558197021e-02
0.000000000000000000e+00 4.190916940569877625e-02
0.000000000000000000e+00 3.967112675309181213e-02
0.000000000000000000e+00 4.095375537872314453e-02
0.000000000000000000e+00 1.757195964455604553e-02
0.000000000000000000e+00 5.947933718562126160e-02
0.000000000000000000e+00 4.190916940569877625e-02
0.000000000000000000e+00 5.129086226224899292e-02
0.000000000000000000e+00 9.672648310661315918e-01
0.000000000000000000e+00 4.502772912383079529e-02
0.000000000000000000e+00 5.878019705414772034e-02
0.000000000000000000e+00 9.039051085710525513e-02
0.000000000000000000e+00 4.625396057963371277e-02
0.000000000000000000e+00 3.748593628406524658e-01
0.000000000000000000e+00 6.938259601593017578e-01
0.000000000000000000e+00 1.663410104811191559e-02
0.000000000000000000e+00 3.878376632928848267e-02
0.000000000000000000e+00 3.847405686974525452e-02
0.000000000000000000e+00 9.300934523344039917e-02
0.000000000000000000e+00 1.447335630655288696e-02
0.000000000000000000e+00 2.266959100961685181e-02
0.000000000000000000e+00 5.506748333573341370e-02
0.000000000000000000e+00 9.325863793492317200e-03
0.000000000000000000e+00 2.101325839757919312e-01
0.000000000000000000e+00 4.073441028594970703e-02
0.000000000000000000e+00 6.074397265911102295e-02
0.000000000000000000e+00 3.810942173004150391e-01
0.000000000000000000e+00 4.310304671525955200e-02
0.000000000000000000e+00 4.084242284297943115e-01
0.000000000000000000e+00 3.872075304388999939e-02
0.000000000000000000e+00 4.015813395380973816e-02
0.000000000000000000e+00 4.332840442657470703e-02
0.000000000000000000e+00 1.440921723842620850e-01
0.000000000000000000e+00 4.494267329573631287e-02
0.000000000000000000e+00 5.209407210350036621e-02
0.000000000000000000e+00 6.095146015286445618e-02
0.000000000000000000e+00 3.928713127970695496e-02
0.000000000000000000e+00 3.666030243039131165e-02
0.000000000000000000e+00 2.401142120361328125e-01
0.000000000000000000e+00 4.769300222396850586e-01
0.000000000000000000e+00 3.792209550738334656e-02
0.000000000000000000e+00 2.250792682170867920e-01
0.000000000000000000e+00 4.624458029866218567e-02
0.000000000000000000e+00 4.041027277708053589e-02
0.000000000000000000e+00 4.165137931704521179e-02
0.000000000000000000e+00 6.736929416656494141e-01
0.000000000000000000e+00 2.992379963397979736e-01
0.000000000000000000e+00 9.537835717201232910e-01
0.000000000000000000e+00 4.042971134185791016e-02
0.000000000000000000e+00 3.978480398654937744e-02
0.000000000000000000e+00 3.992305696010589600e-02
0.000000000000000000e+00 4.084732010960578918e-02
0.000000000000000000e+00 1.184330601245164871e-02
0.000000000000000000e+00 3.882962763309478760e-01
0.000000000000000000e+00 8.468265086412429810e-02
0.000000000000000000e+00 4.597340524196624756e-01
0.000000000000000000e+00 6.036900449544191360e-03
0.000000000000000000e+00 1.090552210807800293e-01
0.000000000000000000e+00 4.217686504125595093e-02
0.000000000000000000e+00 5.341157317161560059e-02
0.000000000000000000e+00 9.721109643578529358e-03
0.000000000000000000e+00 4.003484174609184265e-02
0.000000000000000000e+00 6.990115344524383545e-02
0.000000000000000000e+00 2.736706435680389404e-01
0.000000000000000000e+00 7.085014134645462036e-03
0.000000000000000000e+00 2.457219362258911133e-01
0.000000000000000000e+00 3.787245601415634155e-02
0.000000000000000000e+00 4.761638492345809937e-02
0.000000000000000000e+00 3.749947249889373779e-02
0.000000000000000000e+00 3.961138427257537842e-02
0.000000000000000000e+00 9.715043939650058746e-03
0.000000000000000000e+00 6.394290924072265625e-02
0.000000000000000000e+00 8.415470123291015625e-01
0.000000000000000000e+00 5.362915992736816406e-02
0.000000000000000000e+00 3.849270567297935486e-02
0.000000000000000000e+00 1.621964722871780396e-01
0.000000000000000000e+00 3.924100473523139954e-02
0.000000000000000000e+00 2.793228626251220703e-01
0.000000000000000000e+00 1.190075930207967758e-02
0.000000000000000000e+00 1.274478435516357422e-01
0.000000000000000000e+00 4.692303016781806946e-02
0.000000000000000000e+00 5.588068440556526184e-02
0.000000000000000000e+00 4.761108756065368652e-02
0.000000000000000000e+00 3.785223886370658875e-02
0.000000000000000000e+00 1.016624569892883301e-01
0.000000000000000000e+00 9.590107202529907227e-01
0.000000000000000000e+00 3.967841342091560364e-02
0.000000000000000000e+00 3.061737678945064545e-02
0.000000000000000000e+00 9.172011166810989380e-02
0.000000000000000000e+00 2.854315638542175293e-01
0.000000000000000000e+00 4.447830095887184143e-02
0.000000000000000000e+00 9.394424408674240112e-02
0.000000000000000000e+00 4.656407237052917480e-02
0.000000000000000000e+00 1.360101532191038132e-02
0.000000000000000000e+00 4.178180173039436340e-02
0.000000000000000000e+00 3.989232704043388367e-02
0.000000000000000000e+00 1.532778441905975342e-01
0.000000000000000000e+00 8.855772018432617188e-01
0.000000000000000000e+00 6.840265356004238129e-03
0.000000000000000000e+00 3.926008194684982300e-02
0.000000000000000000e+00 8.478770963847637177e-03
0.000000000000000000e+00 3.763068094849586487e-02
0.000000000000000000e+00 4.023902118206024170e-02
0.000000000000000000e+00 9.420978277921676636e-02
0.000000000000000000e+00 8.716952987015247345e-03
0.000000000000000000e+00 8.231868594884872437e-02
0.000000000000000000e+00 4.458761215209960938e-02
0.000000000000000000e+00 4.145306646823883057e-01
0.000000000000000000e+00 4.411460459232330322e-02
0.000000000000000000e+00 1.321997866034507751e-02
0.000000000000000000e+00 8.201528340578079224e-03
0.000000000000000000e+00 4.453936591744422913e-02
0.000000000000000000e+00 8.459987640380859375e-01
0.000000000000000000e+00 1.832579076290130615e-01
0.000000000000000000e+00 1.022491417825222015e-02
0.000000000000000000e+00 4.686819016933441162e-02
0.000000000000000000e+00 3.755456581711769104e-02
0.000000000000000000e+00 4.460091888904571533e-02
0.000000000000000000e+00 4.542407765984535217e-02
0.000000000000000000e+00 5.677795782685279846e-02
0.000000000000000000e+00 4.545983672142028809e-02
0.000000000000000000e+00 9.657058715820312500e-01
0.000000000000000000e+00 4.597886279225349426e-02
0.000000000000000000e+00 5.234706774353981018e-02
0.000000000000000000e+00 4.013153165578842163e-02
0.000000000000000000e+00 6.383920907974243164e-01
0.000000000000000000e+00 3.315565288066864014e-01
0.000000000000000000e+00 1.096023432910442352e-02
0.000000000000000000e+00 8.492497801780700684e-01
0.000000000000000000e+00 4.067817702889442444e-02
0.000000000000000000e+00 1.066809147596359253e-02
0.000000000000000000e+00 5.646985769271850586e-02
0.000000000000000000e+00 4.496603012084960938e-01
0.000000000000000000e+00 9.861363098025321960e-03
0.000000000000000000e+00 4.498246014118194580e-01
0.000000000000000000e+00 4.786775410175323486e-01
0.000000000000000000e+00 4.902208223938941956e-02
0.000000000000000000e+00 4.609789699316024780e-02
0.000000000000000000e+00 1.549180895090103149e-01
0.000000000000000000e+00 1.301958709955215454e-01
0.000000000000000000e+00 4.281980916857719421e-02
0.000000000000000000e+00 7.190785408020019531e-01
0.000000000000000000e+00 9.235987439751625061e-03
0.000000000000000000e+00 3.501507639884948730e-02
0.000000000000000000e+00 6.611167639493942261e-02
0.000000000000000000e+00 5.184084922075271606e-02
0.000000000000000000e+00 1.083449926227331161e-02
0.000000000000000000e+00 7.417280226945877075e-02
0.000000000000000000e+00 3.833712637424468994e-02
0.000000000000000000e+00 1.652475446462631226e-01
0.000000000000000000e+00 6.315481662750244141e-02
0.000000000000000000e+00 7.539387047290802002e-02
0.000000000000000000e+00 5.565281212329864502e-02
0.000000000000000000e+00 9.197549521923065186e-02
0.000000000000000000e+00 4.530520364642143250e-02
0.000000000000000000e+00 1.599701307713985443e-02
0.000000000000000000e+00 1.813501864671707153e-01
0.000000000000000000e+00 2.619301378726959229e-01
0.000000000000000000e+00 4.101392626762390137e-02
0.000000000000000000e+00 8.787143230438232422e-01
0.000000000000000000e+00 5.170540511608123779e-02
0.000000000000000000e+00 7.602736353874206543e-02
0.000000000000000000e+00 2.424107491970062256e-02
0.000000000000000000e+00 3.934208676218986511e-02
0.000000000000000000e+00 4.183771461248397827e-02
0.000000000000000000e+00 4.008143022656440735e-02
0.000000000000000000e+00 2.789896428585052490e-01
0.000000000000000000e+00 3.253829479217529297e-02
0.000000000000000000e+00 4.226231947541236877e-02
0.000000000000000000e+00 1.064166147261857986e-02
0.000000000000000000e+00 5.204982310533523560e-02
0.000000000000000000e+00 1.210018061101436615e-02
0.000000000000000000e+00 6.130484398454427719e-03
0.000000000000000000e+00 6.764442473649978638e-02
0.000000000000000000e+00 2.147218436002731323e-01
0.000000000000000000e+00 3.736685588955879211e-02
0.000000000000000000e+00 6.600584834814071655e-02
0.000000000000000000e+00 3.937598317861557007e-02
0.000000000000000000e+00 8.034165203571319580e-02
0.000000000000000000e+00 5.960566550493240356e-02
0.000000000000000000e+00 4.546349123120307922e-02
0.000000000000000000e+00 4.383610188961029053e-01
0.000000000000000000e+00 8.726109862327575684e-01
0.000000000000000000e+00 6.933930516242980957e-02
0.000000000000000000e+00 2.293639332056045532e-01
0.000000000000000000e+00 3.119166940450668335e-02
0.000000000000000000e+00 1.190075930207967758e-02
0.000000000000000000e+00 1.926659643650054932e-01
0.000000000000000000e+00 1.616292744874954224e-01
0.000000000000000000e+00 2.319809235632419586e-02
0.000000000000000000e+00 5.111253634095191956e-02
0.000000000000000000e+00 2.352179884910583496e-01
0.000000000000000000e+00 4.857641085982322693e-02
0.000000000000000000e+00 4.885098934173583984e-01
0.000000000000000000e+00 6.757754366844892502e-03
0.000000000000000000e+00 6.003461405634880066e-02
0.000000000000000000e+00 2.934110760688781738e-01
0.000000000000000000e+00 8.642944507300853729e-03
0.000000000000000000e+00 7.471393793821334839e-02
0.000000000000000000e+00 8.124607801437377930e-01
0.000000000000000000e+00 1.323609352111816406e-01
0.000000000000000000e+00 3.174437880516052246e-01
0.000000000000000000e+00 4.842044115066528320e-01
0.000000000000000000e+00 7.863692641258239746e-01
0.000000000000000000e+00 4.211566969752311707e-02
0.000000000000000000e+00 3.624857962131500244e-02
0.000000000000000000e+00 5.397686734795570374e-03
0.000000000000000000e+00 3.218598961830139160e-01
0.000000000000000000e+00 1.191825605928897858e-02
0.000000000000000000e+00 2.902821898460388184e-01
0.000000000000000000e+00 1.424937322735786438e-02
0.000000000000000000e+00 2.702440321445465088e-01
0.000000000000000000e+00 3.867379575967788696e-02
0.000000000000000000e+00 3.976564481854438782e-02
0.000000000000000000e+00 8.766173124313354492e-01
0.000000000000000000e+00 4.622138142585754395e-01
0.000000000000000000e+00 2.414384186267852783e-01
0.000000000000000000e+00 3.186307847499847412e-02
0.000000000000000000e+00 3.747428059577941895e-01
0.000000000000000000e+00 4.690909683704376221e-01
0.000000000000000000e+00 4.422788694500923157e-02
0.000000000000000000e+00 1.395426988601684570e-01
0.000000000000000000e+00 7.204990983009338379e-01
0.000000000000000000e+00 6.467583179473876953e-01
0.000000000000000000e+00 1.665178686380386353e-01
0.000000000000000000e+00 1.518922597169876099e-01
0.000000000000000000e+00 9.867131710052490234e-01
0.000000000000000000e+00 5.251055955886840820e-02
0.000000000000000000e+00 3.980676829814910889e-02
0.000000000000000000e+00 4.947508871555328369e-01
0.000000000000000000e+00 8.023485541343688965e-01
0.000000000000000000e+00 3.518296405673027039e-02
0.000000000000000000e+00 1.023253798484802246e-01
0.000000000000000000e+00 3.971258550882339478e-02
0.000000000000000000e+00 7.998492121696472168e-01
0.000000000000000000e+00 4.433503374457359314e-02
0.000000000000000000e+00 1.544008255004882812e-01
0.000000000000000000e+00 6.895779818296432495e-02
0.000000000000000000e+00 1.317271869629621506e-02
0.000000000000000000e+00 1.578617393970489502e-01
0.000000000000000000e+00 4.173494130373001099e-02
0.000000000000000000e+00 4.506675526499748230e-02
0.000000000000000000e+00 1.055259536951780319e-02
0.000000000000000000e+00 2.952495217323303223e-01
0.000000000000000000e+00 6.325536966323852539e-02
0.000000000000000000e+00 1.236342489719390869e-01
0.000000000000000000e+00 4.102292060852050781e-01
0.000000000000000000e+00 6.831964105367660522e-02
0.000000000000000000e+00 5.069147795438766479e-02
0.000000000000000000e+00 4.542021080851554871e-02
0.000000000000000000e+00 5.280925333499908447e-02
0.000000000000000000e+00 4.575522989034652710e-02
0.000000000000000000e+00 3.001381754875183105e-01
0.000000000000000000e+00 9.250770807266235352e-01
0.000000000000000000e+00 8.603504300117492676e-01
0.000000000000000000e+00 7.429338991641998291e-02
0.000000000000000000e+00 4.092387482523918152e-02
0.000000000000000000e+00 2.333080023527145386e-02
0.000000000000000000e+00 7.295226305723190308e-02
0.000000000000000000e+00 1.757606714963912964e-01
0.000000000000000000e+00 1.834885478019714355e-01
0.000000000000000000e+00 6.375224143266677856e-02
0.000000000000000000e+00 2.746334671974182129e-01
0.000000000000000000e+00 1.690185517072677612e-01
0.000000000000000000e+00 1.113100051879882812e-01
0.000000000000000000e+00 1.722531467676162720e-01
0.000000000000000000e+00 2.220416814088821411e-02
0.000000000000000000e+00 4.132026061415672302e-02
0.000000000000000000e+00 1.279519796371459961e-01
0.000000000000000000e+00 8.060313761234283447e-02
0.000000000000000000e+00 1.923019438982009888e-01
0.000000000000000000e+00 7.029834389686584473e-01
0.000000000000000000e+00 7.619652748107910156e-01
0.000000000000000000e+00 6.895841658115386963e-02
0.000000000000000000e+00 1.308519095182418823e-01
0.000000000000000000e+00 3.961138427257537842e-02
0.000000000000000000e+00 1.460888609290122986e-02
0.000000000000000000e+00 9.579402208328247070e-02
0.000000000000000000e+00 6.334044784307479858e-02
0.000000000000000000e+00 4.612483829259872437e-02
0.000000000000000000e+00 1.083178445696830750e-01
0.000000000000000000e+00 5.294902995228767395e-02
0.000000000000000000e+00 4.837884008884429932e-02
0.000000000000000000e+00 3.457537293434143066e-02
0.000000000000000000e+00 3.503030240535736084e-01
0.000000000000000000e+00 9.167087078094482422e-01
0.000000000000000000e+00 4.953614771366119385e-01
0.000000000000000000e+00 1.267764437943696976e-02
0.000000000000000000e+00 4.119500145316123962e-02
0.000000000000000000e+00 6.218182444572448730e-01
0.000000000000000000e+00 3.836934268474578857e-02
0.000000000000000000e+00 1.369758397340774536e-01
0.000000000000000000e+00 3.995782136917114258e-02
0.000000000000000000e+00 7.871859706938266754e-03
0.000000000000000000e+00 6.334044784307479858e-02
0.000000000000000000e+00 2.416936159133911133e-01
0.000000000000000000e+00 3.911308199167251587e-02
0.000000000000000000e+00 1.340976506471633911e-01
0.000000000000000000e+00 6.708072125911712646e-02
0.000000000000000000e+00 4.025240242481231689e-02
0.000000000000000000e+00 9.206765145063400269e-02
0.000000000000000000e+00 3.963555395603179932e-02
0.000000000000000000e+00 2.364050596952438354e-01
0.000000000000000000e+00 6.403966806828975677e-03
0.000000000000000000e+00 1.311628222465515137e-01
0.000000000000000000e+00 9.262220263481140137e-01
0.000000000000000000e+00 1.273054033517837524e-01
0.000000000000000000e+00 9.458122849464416504e-01
0.000000000000000000e+00 5.364109873771667480e-01
0.000000000000000000e+00 4.009456932544708252e-02
0.000000000000000000e+00 3.807649016380310059e-02
0.000000000000000000e+00 4.241354018449783325e-02
0.000000000000000000e+00 4.028644040226936340e-02
0.000000000000000000e+00 3.659925609827041626e-02
0.000000000000000000e+00 6.200462579727172852e-02
0.000000000000000000e+00 1.377516537904739380e-01
0.000000000000000000e+00 9.169615507125854492e-01
0.000000000000000000e+00 1.489715185016393661e-02
0.000000000000000000e+00 1.620750129222869873e-02
0.000000000000000000e+00 1.255503669381141663e-02
0.000000000000000000e+00 9.552518129348754883e-01
0.000000000000000000e+00 3.037931621074676514e-01
0.000000000000000000e+00 4.192146286368370056e-02
0.000000000000000000e+00 1.697507053613662720e-01
0.000000000000000000e+00 4.137969315052032471e-01
0.000000000000000000e+00 9.611286222934722900e-02
0.000000000000000000e+00 1.523349136114120483e-01
0.000000000000000000e+00 9.256610274314880371e-02
0.000000000000000000e+00 9.580233097076416016e-01
0.000000000000000000e+00 1.183597892522811890e-01
0.000000000000000000e+00 1.221592649817466736e-01
0.000000000000000000e+00 1.345113068819046021e-01
0.000000000000000000e+00 4.622643068432807922e-02
0.000000000000000000e+00 8.773218840360641479e-02
0.000000000000000000e+00 5.717291682958602905e-02
0.000000000000000000e+00 3.355604708194732666e-01
0.000000000000000000e+00 1.241625193506479263e-02
1.000000000000000000e+00 9.643217325210571289e-01
1.000000000000000000e+00 6.613012552261352539e-01
1.000000000000000000e+00 9.635361433029174805e-01
1.000000000000000000e+00 9.491070508956909180e-01
1.000000000000000000e+00 9.292914271354675293e-01
1.000000000000000000e+00 9.719628095626831055e-01
1.000000000000000000e+00 9.212774038314819336e-01
1.000000000000000000e+00 9.699268341064453125e-01
1.000000000000000000e+00 5.123969316482543945e-01
1.000000000000000000e+00 9.710008502006530762e-01
1.000000000000000000e+00 7.583695650100708008e-01
1.000000000000000000e+00 8.996270895004272461e-01
1.000000000000000000e+00 9.609915614128112793e-01
1.000000000000000000e+00 9.027274250984191895e-01
1.000000000000000000e+00 9.233151078224182129e-01
1.000000000000000000e+00 9.341879487037658691e-01
1.000000000000000000e+00 9.518632888793945312e-01
1.000000000000000000e+00 3.959576487541198730e-01
1.000000000000000000e+00 9.122436046600341797e-01
1.000000000000000000e+00 9.576118588447570801e-01
1.000000000000000000e+00 9.241062402725219727e-01
1.000000000000000000e+00 8.992381095886230469e-01
1.000000000000000000e+00 9.331225156784057617e-01
1.000000000000000000e+00 9.192886948585510254e-01
1.000000000000000000e+00 8.516814112663269043e-01
1.000000000000000000e+00 9.016166329383850098e-01
1.000000000000000000e+00 9.502380490303039551e-01
1.000000000000000000e+00 9.678827524185180664e-01
1.000000000000000000e+00 9.469980597496032715e-01
1.000000000000000000e+00 9.703330993652343750e-01
1.000000000000000000e+00 9.728944897651672363e-01
1.000000000000000000e+00 7.166522145271301270e-01
1.000000000000000000e+00 9.427983760833740234e-01
1.000000000000000000e+00 8.996092677116394043e-01
1.000000000000000000e+00 9.648672938346862793e-01
1.000000000000000000e+00 9.874371290206909180e-01
1.000000000000000000e+00 9.712644219398498535e-01
1.000000000000000000e+00 8.453052043914794922e-01
1.000000000000000000e+00 6.816583871841430664e-01
1.000000000000000000e+00 4.195051193237304688e-01
1.000000000000000000e+00 4.708013311028480530e-02
1.000000000000000000e+00 9.670965671539306641e-01
1.000000000000000000e+00 4.396047294139862061e-01
1.000000000000000000e+00 9.381597042083740234e-01
1.000000000000000000e+00 9.563616514205932617e-01
1.000000000000000000e+00 3.768526017665863037e-02
1.000000000000000000e+00 1.916111111640930176e-01
1.000000000000000000e+00 7.742671370506286621e-01
1.000000000000000000e+00 9.309505224227905273e-01
1.000000000000000000e+00 9.079551100730895996e-01
1.000000000000000000e+00 7.507765889167785645e-01
1.000000000000000000e+00 8.690917491912841797e-01
1.000000000000000000e+00 1.272032856941223145e-01
1.000000000000000000e+00 9.939215183258056641e-01
1.000000000000000000e+00 9.422789216041564941e-01
1.000000000000000000e+00 9.410099387168884277e-01
1.000000000000000000e+00 9.787989258766174316e-01
1.000000000000000000e+00 9.820764660835266113e-01
1.000000000000000000e+00 4.914889112114906311e-02
1.000000000000000000e+00 9.159150719642639160e-01
1.000000000000000000e+00 9.022750258445739746e-01
1.000000000000000000e+00 1.529627144336700439e-01
1.000000000000000000e+00 1.886155903339385986e-01
1.000000000000000000e+00 9.880419373512268066e-01
1.000000000000000000e+00 9.221194982528686523e-01
1.000000000000000000e+00 9.748095870018005371e-01
1.000000000000000000e+00 8.378840237855911255e-02
1.000000000000000000e+00 7.777354717254638672e-01
1.000000000000000000e+00 9.333910942077636719e-01
1.000000000000000000e+00 5.941899418830871582e-01
1.000000000000000000e+00 8.602478504180908203e-01
1.000000000000000000e+00 9.326476454734802246e-01
1.000000000000000000e+00 8.141403198242187500e-01
1.000000000000000000e+00 5.613643676042556763e-02
1.000000000000000000e+00 9.498594403266906738e-01
1.000000000000000000e+00 9.530625343322753906e-01
1.000000000000000000e+00 9.677077531814575195e-01
1.000000000000000000e+00 8.993805646896362305e-01
1.000000000000000000e+00 9.656962156295776367e-01
1.000000000000000000e+00 9.295774698257446289e-01
1.000000000000000000e+00 1.507727652788162231e-01
1.000000000000000000e+00 9.708852767944335938e-01
1.000000000000000000e+00 9.578999280929565430e-01
1.000000000000000000e+00 9.228390455245971680e-01
1.000000000000000000e+00 9.706875085830688477e-01
1.000000000000000000e+00 9.641568064689636230e-01
1.000000000000000000e+00 6.587139964103698730e-01
1.000000000000000000e+00 8.196877837181091309e-01
1.000000000000000000e+00 9.242481589317321777e-01
1.000000000000000000e+00 9.612197279930114746e-01
1.000000000000000000e+00 9.856044054031372070e-01
1.000000000000000000e+00 7.830964326858520508e-01
1.000000000000000000e+00 9.880419373512268066e-01
1.000000000000000000e+00 9.572609663009643555e-01
1.000000000000000000e+00 9.227765798568725586e-01
1.000000000000000000e+00 5.105361938476562500e-01
1.000000000000000000e+00 9.627513289451599121e-01
1.000000000000000000e+00 8.721301555633544922e-01
1.000000000000000000e+00 7.455028295516967773e-01
1.000000000000000000e+00 9.700199365615844727e-01
1.000000000000000000e+00 6.990965008735656738e-01
1.000000000000000000e+00 9.800202846527099609e-01
1.000000000000000000e+00 9.915207028388977051e-01
1.000000000000000000e+00 9.576667547225952148e-01
1.000000000000000000e+00 4.821891486644744873e-01
1.000000000000000000e+00 8.379613757133483887e-01
1.000000000000000000e+00 8.481583595275878906e-01
1.000000000000000000e+00 9.775285720825195312e-01
1.000000000000000000e+00 5.514793992042541504e-01
1.000000000000000000e+00 9.704058766365051270e-01
1.000000000000000000e+00 9.880419373512268066e-01
1.000000000000000000e+00 9.737105965614318848e-01
1.000000000000000000e+00 6.969256997108459473e-01
1.000000000000000000e+00 9.714013934135437012e-01
1.000000000000000000e+00 7.140794396400451660e-02
1.000000000000000000e+00 8.850007057189941406e-01
1.000000000000000000e+00 9.781255722045898438e-01
1.000000000000000000e+00 9.880419373512268066e-01
1.000000000000000000e+00 7.366084456443786621e-01
1.000000000000000000e+00 1.258462965488433838e-01
1.000000000000000000e+00 7.531777024269104004e-01
1.000000000000000000e+00 9.358444213867187500e-01
1.000000000000000000e+00 9.446610808372497559e-01
1.000000000000000000e+00 4.627919569611549377e-02
1.000000000000000000e+00 9.596081376075744629e-01
1.000000000000000000e+00 8.808860778808593750e-01
1.000000000000000000e+00 9.721903800964355469e-01
1.000000000000000000e+00 7.630153894424438477e-01
1.000000000000000000e+00 9.635361433029174805e-01
1.000000000000000000e+00 5.332213044166564941e-01
1.000000000000000000e+00 8.786092400550842285e-01
1.000000000000000000e+00 8.928886055946350098e-01
1.000000000000000000e+00 9.573118090629577637e-01
1.000000000000000000e+00 3.973830491304397583e-02
1.000000000000000000e+00 9.225696325302124023e-01
1.000000000000000000e+00 9.345077872276306152e-01
1.000000000000000000e+00 8.571442365646362305e-01
1.000000000000000000e+00 4.254781305789947510e-01
1.000000000000000000e+00 9.788815975189208984e-01
1.000000000000000000e+00 7.118758559226989746e-01
1.000000000000000000e+00 9.682849645614624023e-01
1.000000000000000000e+00 9.587352275848388672e-01
1.000000000000000000e+00 9.327155947685241699e-01
1.000000000000000000e+00 7.781630158424377441e-01
1.000000000000000000e+00 9.630476236343383789e-01
1.000000000000000000e+00 9.422094821929931641e-01
1.000000000000000000e+00 8.396386504173278809e-01
1.000000000000000000e+00 3.257144689559936523e-01
1.000000000000000000e+00 4.949931800365447998e-02
1.000000000000000000e+00 9.594840407371520996e-01
1.000000000000000000e+00 6.025069355964660645e-01
1.000000000000000000e+00 9.525995850563049316e-01
1.000000000000000000e+00 1.679225713014602661e-01
1.000000000000000000e+00 9.687306880950927734e-01
1.000000000000000000e+00 8.375602364540100098e-01
1.000000000000000000e+00 9.832029342651367188e-01
1.000000000000000000e+00 9.471207857131958008e-01
1.000000000000000000e+00 9.810882806777954102e-01
1.000000000000000000e+00 4.064605385065078735e-02
1.000000000000000000e+00 9.773190021514892578e-01
1.000000000000000000e+00 9.460086822509765625e-01
1.000000000000000000e+00 1.027310192584991455e-01
1.000000000000000000e+00 3.701414912939071655e-02
1.000000000000000000e+00 5.132455229759216309e-01
1.000000000000000000e+00 9.931599348783493042e-02
1.000000000000000000e+00 4.930182173848152161e-02
1.000000000000000000e+00 7.065352201461791992e-01
1.000000000000000000e+00 9.680766463279724121e-01
1.000000000000000000e+00 6.692242026329040527e-01
1.000000000000000000e+00 1.040660738945007324e-01
1.000000000000000000e+00 9.158690571784973145e-01
1.000000000000000000e+00 6.446973085403442383e-01
1.000000000000000000e+00 9.335387945175170898e-01
1.000000000000000000e+00 9.691956043243408203e-01
1.000000000000000000e+00 8.788468837738037109e-01
1.000000000000000000e+00 6.736601591110229492e-01
1.000000000000000000e+00 8.382485508918762207e-01
1.000000000000000000e+00 9.367060661315917969e-01
1.000000000000000000e+00 9.756234288215637207e-01
1.000000000000000000e+00 8.780418634414672852e-01
1.000000000000000000e+00 9.427983760833740234e-01
1.000000000000000000e+00 9.836164116859436035e-01
1.000000000000000000e+00 9.343079328536987305e-01
1.000000000000000000e+00 3.297612369060516357e-01
1.000000000000000000e+00 9.731417894363403320e-01
1.000000000000000000e+00 9.750866293907165527e-01
1.000000000000000000e+00 9.721511006355285645e-01
1.000000000000000000e+00 6.339494585990905762e-01
1.000000000000000000e+00 9.820133447647094727e-01
1.000000000000000000e+00 9.807450771331787109e-01
1.000000000000000000e+00 8.850019574165344238e-01
1.000000000000000000e+00 9.853333830833435059e-01
1.000000000000000000e+00 9.060029387474060059e-01
1.000000000000000000e+00 9.160602092742919922e-01
1.000000000000000000e+00 8.114370107650756836e-01
1.000000000000000000e+00 9.594873189926147461e-01
1.000000000000000000e+00 8.845465183258056641e-01
1.000000000000000000e+00 9.820787310600280762e-01
1.000000000000000000e+00 9.363601207733154297e-01
1.000000000000000000e+00 4.367047548294067383e-01
1.000000000000000000e+00 9.818193912506103516e-01
1.000000000000000000e+00 7.888501286506652832e-01
1.000000000000000000e+00 9.427983760833740234e-01
1.000000000000000000e+00 7.525954842567443848e-01
1.000000000000000000e+00 6.384683251380920410e-01
1.000000000000000000e+00 9.525287151336669922e-01
1.000000000000000000e+00 1.236746460199356079e-01
1.000000000000000000e+00 9.685062170028686523e-01
1.000000000000000000e+00 5.218405723571777344e-01
1.000000000000000000e+00 9.538012742996215820e-01
1.000000000000000000e+00 9.540068507194519043e-01
1.000000000000000000e+00 1.775158643722534180e-01
1.000000000000000000e+00 9.536318778991699219e-01
1.000000000000000000e+00 9.089154601097106934e-01
1.000000000000000000e+00 9.303234815597534180e-01
1.000000000000000000e+00 9.216804504394531250e-01
1.000000000000000000e+00 8.645886778831481934e-01
1.000000000000000000e+00 9.351269155740737915e-02
1.000000000000000000e+00 1.442306488752365112e-01
1.000000000000000000e+00 8.355679512023925781e-01
1.000000000000000000e+00 3.990152776241302490e-01
1.000000000000000000e+00 9.827132821083068848e-01
1.000000000000000000e+00 9.354172945022583008e-01
1.000000000000000000e+00 3.397314846515655518e-01
1.000000000000000000e+00 9.447948336601257324e-01
1.000000000000000000e+00 9.809017777442932129e-01
1.000000000000000000e+00 9.819593429565429688e-01
1.000000000000000000e+00 5.901653766632080078e-01
1.000000000000000000e+00 6.660369634628295898e-01
1.000000000000000000e+00 9.847114086151123047e-01
1.000000000000000000e+00 9.762935042381286621e-01
1.000000000000000000e+00 4.066060781478881836e-01
1.000000000000000000e+00 9.819665551185607910e-01
1.000000000000000000e+00 9.696657657623291016e-01
1.000000000000000000e+00 9.186469912528991699e-01
1.000000000000000000e+00 9.449397325515747070e-01
1.000000000000000000e+00 8.960127830505371094e-01
1.000000000000000000e+00 9.850662350654602051e-01
1.000000000000000000e+00 9.301846623420715332e-01
1.000000000000000000e+00 8.888292312622070312e-01
1.000000000000000000e+00 9.489367604255676270e-01
1.000000000000000000e+00 8.041075468063354492e-01
1.000000000000000000e+00 9.460405111312866211e-01
1.000000000000000000e+00 9.562015533447265625e-01
1.000000000000000000e+00 9.247172474861145020e-01
1.000000000000000000e+00 8.443841338157653809e-01
1.000000000000000000e+00 9.520769715309143066e-01
1.000000000000000000e+00 9.709156155586242676e-01
1.000000000000000000e+00 9.811684489250183105e-01
1.000000000000000000e+00 2.581343054771423340e-01
1.000000000000000000e+00 9.440926909446716309e-01
1.000000000000000000e+00 9.544991850852966309e-01
1.000000000000000000e+00 9.660685658454895020e-01
1.000000000000000000e+00 9.199074506759643555e-01
1.000000000000000000e+00 9.634412527084350586e-01
1.000000000000000000e+00 7.062535881996154785e-01
1.000000000000000000e+00 9.481149315834045410e-01
1.000000000000000000e+00 9.473223090171813965e-01
1.000000000000000000e+00 9.622026085853576660e-01
1.000000000000000000e+00 8.932364583015441895e-01
1.000000000000000000e+00 9.505614638328552246e-01
1.000000000000000000e+00 9.761099219322204590e-01
1.000000000000000000e+00 9.682329893112182617e-01
1.000000000000000000e+00 9.249936342239379883e-01
1.000000000000000000e+00 9.319679141044616699e-01
1.000000000000000000e+00 4.664349257946014404e-01
1.000000000000000000e+00 8.691040277481079102e-01
1.000000000000000000e+00 9.508265256881713867e-01
1.000000000000000000e+00 9.636592864990234375e-01
1.000000000000000000e+00 9.441257715225219727e-01
1.000000000000000000e+00 5.438377261161804199e-01
1.000000000000000000e+00 8.062487840652465820e-01
1.000000000000000000e+00 9.809389114379882812e-01
1.000000000000000000e+00 7.048135995864868164e-01
1.000000000000000000e+00 9.760720729827880859e-01
1.000000000000000000e+00 9.648672938346862793e-01
1.000000000000000000e+00 9.642972350120544434e-01
1.000000000000000000e+00 9.742656946182250977e-01
1.000000000000000000e+00 9.400580525398254395e-01
1.000000000000000000e+00 9.530625343322753906e-01
1.000000000000000000e+00 9.712762832641601562e-01
1.000000000000000000e+00 5.587079524993896484e-01
1.000000000000000000e+00 9.264955520629882812e-01
1.000000000000000000e+00 9.669619798660278320e-01
1.000000000000000000e+00 7.707338929176330566e-01
1.000000000000000000e+00 8.790870308876037598e-01
1.000000000000000000e+00 8.527325987815856934e-01
1.000000000000000000e+00 9.569130539894104004e-01
1.000000000000000000e+00 8.152330517768859863e-01
1.000000000000000000e+00 9.264955520629882812e-01
1.000000000000000000e+00 9.460293650627136230e-01
1.000000000000000000e+00 5.966576933860778809e-01
1.000000000000000000e+00 9.009343981742858887e-01
1.000000000000000000e+00 8.930592536926269531e-01
1.000000000000000000e+00 9.291768670082092285e-01
1.000000000000000000e+00 9.774958491325378418e-01
1.000000000000000000e+00 8.990494608879089355e-01
1.000000000000000000e+00 6.800600290298461914e-01
1.000000000000000000e+00 7.766429185867309570e-01
1.000000000000000000e+00 9.267505407333374023e-01
1.000000000000000000e+00 7.549463510513305664e-01
1.000000000000000000e+00 9.699276089668273926e-01
1.000000000000000000e+00 9.809567928314208984e-01
1.000000000000000000e+00 3.272915780544281006e-01
1.000000000000000000e+00 9.810802340507507324e-01
1.000000000000000000e+00 9.395393133163452148e-01
1.000000000000000000e+00 9.816259741783142090e-01
1.000000000000000000e+00 9.468262791633605957e-01
1.000000000000000000e+00 9.695907235145568848e-01
1.000000000000000000e+00 9.429788589477539062e-01
1.000000000000000000e+00 9.718827605247497559e-01
1.000000000000000000e+00 9.486379027366638184e-01
1.000000000000000000e+00 8.807408213615417480e-01
1.000000000000000000e+00 9.797636866569519043e-01
1.000000000000000000e+00 9.221014976501464844e-01
1.000000000000000000e+00 9.637326598167419434e-01
1.000000000000000000e+00 9.223183393478393555e-01
1.000000000000000000e+00 9.390132427215576172e-01
1.000000000000000000e+00 9.535744190216064453e-01
1.000000000000000000e+00 9.774991869926452637e-01
1.000000000000000000e+00 9.918572306632995605e-01
1.000000000000000000e+00 9.811684489250183105e-01
1.000000000000000000e+00 8.230330348014831543e-01
1.000000000000000000e+00 9.379318356513977051e-01
1.000000000000000000e+00 9.739769101142883301e-01
1.000000000000000000e+00 6.899983286857604980e-01
1.000000000000000000e+00 9.716330170631408691e-01
1.000000000000000000e+00 9.678692221641540527e-01
1.000000000000000000e+00 9.819144606590270996e-01
1.000000000000000000e+00 8.293715715408325195e-01
1.000000000000000000e+00 9.867852926254272461e-01
1.000000000000000000e+00 8.675177097320556641e-01
1.000000000000000000e+00 8.832936286926269531e-01
1.000000000000000000e+00 9.618928432464599609e-01
1.000000000000000000e+00 9.120742082595825195e-01
1.000000000000000000e+00 9.425223469734191895e-01
1.000000000000000000e+00 6.835764646530151367e-01
1.000000000000000000e+00 8.384252190589904785e-01
1.000000000000000000e+00 9.392271041870117188e-01
1.000000000000000000e+00 9.040300846099853516e-01
1.000000000000000000e+00 9.234480857849121094e-01
1.000000000000000000e+00 9.783343672752380371e-01
1.000000000000000000e+00 7.349617481231689453e-01
1.000000000000000000e+00 9.863007664680480957e-01
1.000000000000000000e+00 8.795012831687927246e-01
1.000000000000000000e+00 7.193149924278259277e-01
1.000000000000000000e+00 1.366755515336990356e-01
1.000000000000000000e+00 9.841014742851257324e-01
1.000000000000000000e+00 8.925644159317016602e-01
1.000000000000000000e+00 9.704677462577819824e-01
1.000000000000000000e+00 8.305313587188720703e-01
1.000000000000000000e+00 8.190469741821289062e-01
1.000000000000000000e+00 7.840412855148315430e-01
1.000000000000000000e+00 9.772166609764099121e-01
1.000000000000000000e+00 9.274889230728149414e-01
1.000000000000000000e+00 8.760892152786254883e-01
1.000000000000000000e+00 9.480361938476562500e-01
1.000000000000000000e+00 8.430625796318054199e-01
1.000000000000000000e+00 9.812126755714416504e-01
1.000000000000000000e+00 9.790540337562561035e-01
1.000000000000000000e+00 8.551239967346191406e-01
1.000000000000000000e+00 8.255219459533691406e-01
1.000000000000000000e+00 9.589748978614807129e-01
1.000000000000000000e+00 4.423840045928955078e-01
1.000000000000000000e+00 9.689804911613464355e-01
1.000000000000000000e+00 5.258707404136657715e-01
1.000000000000000000e+00 2.080373167991638184e-01
1.000000000000000000e+00 9.620145559310913086e-01
1.000000000000000000e+00 9.612262845039367676e-01
1.000000000000000000e+00 9.738615155220031738e-01
1.000000000000000000e+00 9.858686923980712891e-01
1.000000000000000000e+00 8.422476649284362793e-01
1.000000000000000000e+00 9.804441928863525391e-01
1.000000000000000000e+00 9.858253002166748047e-01
1.000000000000000000e+00 9.486894011497497559e-01
1.000000000000000000e+00 6.130467057228088379e-01
1.000000000000000000e+00 9.109709262847900391e-01
1.000000000000000000e+00 9.279812574386596680e-01
1.000000000000000000e+00 7.419143319129943848e-01
1.000000000000000000e+00 9.408106803894042969e-01
1.000000000000000000e+00 9.319491982460021973e-01
1.000000000000000000e+00 4.031958281993865967e-01
1.000000000000000000e+00 9.370619654655456543e-01
1.000000000000000000e+00 9.575420618057250977e-01
1.000000000000000000e+00 9.870198369026184082e-01
1.000000000000000000e+00 8.200759291648864746e-01
1.000000000000000000e+00 9.681426286697387695e-01
1.000000000000000000e+00 9.829291701316833496e-01
1.000000000000000000e+00 9.556710124015808105e-01
1.000000000000000000e+00 9.936944246292114258e-01
1.000000000000000000e+00 9.642972350120544434e-01
1.000000000000000000e+00 3.881850466132164001e-02
1.000000000000000000e+00 8.061301112174987793e-01
1.000000000000000000e+00 8.553745746612548828e-01
1.000000000000000000e+00 7.975758910179138184e-01
1.000000000000000000e+00 8.599945306777954102e-01
1.000000000000000000e+00 9.680557847023010254e-01
1.000000000000000000e+00 9.799670577049255371e-01
1.000000000000000000e+00 9.489367604255676270e-01
1.000000000000000000e+00 9.644948244094848633e-01
1.000000000000000000e+00 5.143607258796691895e-01
1.000000000000000000e+00 9.567940235137939453e-01
1.000000000000000000e+00 7.531777024269104004e-01
1.000000000000000000e+00 9.752285480499267578e-01
1.000000000000000000e+00 9.890369772911071777e-01
1.000000000000000000e+00 9.872510433197021484e-01
1.000000000000000000e+00 9.694256186485290527e-01
1.000000000000000000e+00 8.708441853523254395e-01
1.000000000000000000e+00 9.585654139518737793e-01
1.000000000000000000e+00 9.852299094200134277e-01
1.000000000000000000e+00 9.638053178787231445e-01
1.000000000000000000e+00 9.391289949417114258e-01
1.000000000000000000e+00 9.555101394653320312e-01
1.000000000000000000e+00 8.379136919975280762e-01
1.000000000000000000e+00 9.682300686836242676e-01
1.000000000000000000e+00 9.450387358665466309e-01
1.000000000000000000e+00 9.887441396713256836e-01
1.000000000000000000e+00 9.744705557823181152e-01
1.000000000000000000e+00 2.765111625194549561e-01
1.000000000000000000e+00 9.836164116859436035e-01
1.000000000000000000e+00 9.395809173583984375e-01
1.000000000000000000e+00 8.991157412528991699e-01
1.000000000000000000e+00 8.326473832130432129e-01
1.000000000000000000e+00 8.844475746154785156e-01
1.000000000000000000e+00 9.224666357040405273e-01
1.000000000000000000e+00 9.882114529609680176e-01
1.000000000000000000e+00 3.601729497313499451e-02
1.000000000000000000e+00 8.463809490203857422e-01
1.000000000000000000e+00 9.682849645614624023e-01
1.000000000000000000e+00 9.365087151527404785e-01
1.000000000000000000e+00 7.985768914222717285e-01
1.000000000000000000e+00 9.717442393302917480e-01
1.000000000000000000e+00 9.652754664421081543e-01
1.000000000000000000e+00 9.625031948089599609e-01
1.000000000000000000e+00 2.558334469795227051e-01
1.000000000000000000e+00 8.358120322227478027e-01
1.000000000000000000e+00 9.672367572784423828e-01
1.000000000000000000e+00 9.592801928520202637e-01
1.000000000000000000e+00 9.334530234336853027e-01
1.000000000000000000e+00 9.503428339958190918e-01
1.000000000000000000e+00 9.754946231842041016e-01
1.000000000000000000e+00 9.816938638687133789e-01
1.000000000000000000e+00 9.667763113975524902e-01
1.000000000000000000e+00 9.615284204483032227e-01
1.000000000000000000e+00 9.919697642326354980e-01
1.000000000000000000e+00 8.467729091644287109e-01
1.000000000000000000e+00 9.503451585769653320e-01
1.000000000000000000e+00 9.650326371192932129e-01
1.000000000000000000e+00 9.348793029785156250e-01
1.000000000000000000e+00 9.186965823173522949e-01
1.000000000000000000e+00 9.273008704185485840e-01
1.000000000000000000e+00 9.785056114196777344e-01
1.000000000000000000e+00 9.842935800552368164e-01
1.000000000000000000e+00 9.652013778686523438e-01
1.000000000000000000e+00 9.795838594436645508e-01
1.000000000000000000e+00 9.252875447273254395e-01
1.000000000000000000e+00 8.494446873664855957e-01
1.000000000000000000e+00 9.632266163825988770e-01
1.000000000000000000e+00 9.628400206565856934e-01
1.000000000000000000e+00 9.726929664611816406e-01
1.000000000000000000e+00 9.191319942474365234e-01
1.000000000000000000e+00 9.661639928817749023e-01
1.000000000000000000e+00 8.086879849433898926e-01
1.000000000000000000e+00 4.229669868946075439e-01
1.000000000000000000e+00 9.869263172149658203e-01
1.000000000000000000e+00 9.764645099639892578e-01
1.000000000000000000e+00 9.186965823173522949e-01
1.000000000000000000e+00 9.636041522026062012e-01
1.000000000000000000e+00 9.454286694526672363e-01
1.000000000000000000e+00 9.286708831787109375e-01
1.000000000000000000e+00 9.153065681457519531e-01
1.000000000000000000e+00 8.902786374092102051e-01
1.000000000000000000e+00 9.728030562400817871e-01
1.000000000000000000e+00 9.646910429000854492e-01
1.000000000000000000e+00 7.854993343353271484e-01
1.000000000000000000e+00 9.479182362556457520e-01
1.000000000000000000e+00 9.054882526397705078e-01
1.000000000000000000e+00 3.137973845005035400e-01
1.000000000000000000e+00 9.569175839424133301e-01
1.000000000000000000e+00 9.063322544097900391e-01
1.000000000000000000e+00 7.020640969276428223e-01
1.000000000000000000e+00 2.572154700756072998e-01
1.000000000000000000e+00 9.033935070037841797e-01
1.000000000000000000e+00 8.214032053947448730e-01
1.000000000000000000e+00 8.335740566253662109e-01
1.000000000000000000e+00 9.884845018386840820e-01
1.000000000000000000e+00 9.838758111000061035e-01
1.000000000000000000e+00 8.265262246131896973e-01
1.000000000000000000e+00 2.921378910541534424e-01
1.000000000000000000e+00 9.854087829589843750e-01
1.000000000000000000e+00 5.757438540458679199e-01
1.000000000000000000e+00 3.732309862971305847e-02
1.000000000000000000e+00 9.118888378143310547e-01
1.000000000000000000e+00 9.827575087547302246e-01
1.000000000000000000e+00 9.097445011138916016e-01
1.000000000000000000e+00 5.098387002944946289e-01
1.000000000000000000e+00 7.728220820426940918e-01
1.000000000000000000e+00 9.822841882705688477e-01
1.000000000000000000e+00 9.371184110641479492e-01
1.000000000000000000e+00 9.196330904960632324e-01
1.000000000000000000e+00 9.559639692306518555e-01
1.000000000000000000e+00 9.823954701423645020e-01
1.000000000000000000e+00 9.259731173515319824e-01
1.000000000000000000e+00 9.742363095283508301e-01
1.000000000000000000e+00 8.553653359413146973e-01
1.000000000000000000e+00 9.610446691513061523e-01
1.000000000000000000e+00 9.208831191062927246e-01
1.000000000000000000e+00 9.183324575424194336e-01
1.000000000000000000e+00 9.509412050247192383e-01
1.000000000000000000e+00 9.734377264976501465e-01
1.000000000000000000e+00 9.355261325836181641e-01
1.000000000000000000e+00 9.477639198303222656e-01
1.000000000000000000e+00 8.441623449325561523e-01
1.000000000000000000e+00 9.684289693832397461e-01
1.000000000000000000e+00 8.783102035522460938e-01
1.000000000000000000e+00 9.706875085830688477e-01
1.000000000000000000e+00 9.631421566009521484e-01
1.000000000000000000e+00 9.687545299530029297e-01
1.000000000000000000e+00 2.362617999315261841e-01
1.000000000000000000e+00 9.800535440444946289e-01
1.000000000000000000e+00 8.550060987472534180e-01
1.000000000000000000e+00 1.424108352512121201e-02
1.000000000000000000e+00 8.594237565994262695e-01
1.000000000000000000e+00 9.322728514671325684e-01
1.000000000000000000e+00 1.278940737247467041e-01
1.000000000000000000e+00 9.785299301147460938e-01
1.000000000000000000e+00 5.995128750801086426e-01
1.000000000000000000e+00 5.969310998916625977e-01
1.000000000000000000e+00 9.842306971549987793e-01
1.000000000000000000e+00 9.387821555137634277e-01
1.000000000000000000e+00 9.279476404190063477e-01
1.000000000000000000e+00 9.734665155410766602e-01
1.000000000000000000e+00 9.659323096275329590e-01
1.000000000000000000e+00 6.943364739418029785e-01
1.000000000000000000e+00 9.065356254577636719e-01
1.000000000000000000e+00 9.704515933990478516e-01
1.000000000000000000e+00 9.824720621109008789e-01
1.000000000000000000e+00 8.695292472839355469e-01
1.000000000000000000e+00 9.797229766845703125e-01
1.000000000000000000e+00 9.311753511428833008e-01
1.000000000000000000e+00 9.458754658699035645e-01
1.000000000000000000e+00 9.838910698890686035e-01
1.000000000000000000e+00 9.800764322280883789e-01
1.000000000000000000e+00 9.811419248580932617e-01
1.000000000000000000e+00 9.151850938796997070e-01
1.000000000000000000e+00 9.560135602951049805e-01
1.000000000000000000e+00 9.883284568786621094e-01
1.000000000000000000e+00 9.680702090263366699e-01
1.000000000000000000e+00 9.864769577980041504e-01
1.000000000000000000e+00 8.575006127357482910e-01
1.000000000000000000e+00 9.160116910934448242e-01
1.000000000000000000e+00 9.651864767074584961e-01
1.000000000000000000e+00 9.563439488410949707e-01
1.000000000000000000e+00 9.675066471099853516e-01
1.000000000000000000e+00 9.055713415145874023e-01
1.000000000000000000e+00 7.881297469139099121e-01
1.000000000000000000e+00 9.456623792648315430e-01
1.000000000000000000e+00 9.845464825630187988e-01
1.000000000000000000e+00 8.916585445404052734e-01
1.000000000000000000e+00 9.410675764083862305e-01
1.000000000000000000e+00 9.688930511474609375e-01
1.000000000000000000e+00 9.629080891609191895e-01
1.000000000000000000e+00 9.538750648498535156e-01
1.000000000000000000e+00 5.473463535308837891e-01
1.000000000000000000e+00 9.483700990676879883e-01
1.000000000000000000e+00 9.783654212951660156e-01
1.000000000000000000e+00 9.819628596305847168e-01
1.000000000000000000e+00 9.328117370605468750e-01
1.000000000000000000e+00 7.968224883079528809e-01
1.000000000000000000e+00 9.777481555938720703e-01
1.000000000000000000e+00 9.879225492477416992e-01
1.000000000000000000e+00 9.861065149307250977e-01
1.000000000000000000e+00 9.864298105239868164e-01
1.000000000000000000e+00 8.425115942955017090e-01
1.000000000000000000e+00 9.753297567367553711e-01
1.000000000000000000e+00 9.831802248954772949e-01
1.000000000000000000e+00 9.118888378143310547e-01
1.000000000000000000e+00 9.179504513740539551e-01
1.000000000000000000e+00 9.572743177413940430e-01
1.000000000000000000e+00 6.554802060127258301e-01
1.000000000000000000e+00 9.497976899147033691e-01
1.000000000000000000e+00 9.751117229461669922e-01
1.000000000000000000e+00 9.304479360580444336e-01
1.000000000000000000e+00 9.527837634086608887e-01
1.000000000000000000e+00 8.430609107017517090e-01
1.000000000000000000e+00 9.095633625984191895e-01
1.000000000000000000e+00 9.629968404769897461e-01
1.000000000000000000e+00 9.835464358329772949e-01
1.000000000000000000e+00 9.693229198455810547e-01
1.000000000000000000e+00 9.590301513671875000e-01
1.000000000000000000e+00 9.762018918991088867e-01
1.000000000000000000e+00 9.208487272262573242e-01
1.000000000000000000e+00 7.532423734664916992e-01
1.000000000000000000e+00 9.650458693504333496e-01
1.000000000000000000e+00 9.605755805969238281e-01
1.000000000000000000e+00 1.970068067312240601e-01
1.000000000000000000e+00 8.946127891540527344e-01
1.000000000000000000e+00 9.664610624313354492e-01
1.000000000000000000e+00 8.833314776420593262e-01
1.000000000000000000e+00 9.897049069404602051e-01
1.000000000000000000e+00 2.371297776699066162e-01
1.000000000000000000e+00 9.768021702766418457e-01
1.000000000000000000e+00 7.322774529457092285e-01
1.000000000000000000e+00 9.496309757232666016e-01
1.000000000000000000e+00 6.640579700469970703e-01
1.000000000000000000e+00 9.852511286735534668e-01
1.000000000000000000e+00 9.181843400001525879e-01
1.000000000000000000e+00 9.505745768547058105e-01
1.000000000000000000e+00 9.760540127754211426e-01
1.000000000000000000e+00 9.802762866020202637e-01
1.000000000000000000e+00 9.775933623313903809e-01
1.000000000000000000e+00 9.316952228546142578e-01
1.000000000000000000e+00 9.820721745491027832e-01
1.000000000000000000e+00 9.626259803771972656e-01
1.000000000000000000e+00 9.719944596290588379e-01
1.000000000000000000e+00 9.789806008338928223e-01
1.000000000000000000e+00 9.499322175979614258e-01
1.000000000000000000e+00 9.471855759620666504e-01
1.000000000000000000e+00 9.741936326026916504e-01
1.000000000000000000e+00 2.192527055740356445e-01
1.000000000000000000e+00 8.899800777435302734e-01
1.000000000000000000e+00 8.897809386253356934e-01
1.000000000000000000e+00 9.775714874267578125e-01
1.000000000000000000e+00 9.456566572189331055e-01
1.000000000000000000e+00 9.429569244384765625e-01
1.000000000000000000e+00 4.289573132991790771e-01
1.000000000000000000e+00 9.706134796142578125e-01
1.000000000000000000e+00 9.721836447715759277e-01
1.000000000000000000e+00 9.615284204483032227e-01
1.000000000000000000e+00 8.366350531578063965e-01
1.000000000000000000e+00 6.196025609970092773e-01
1.000000000000000000e+00 9.197241663932800293e-01
1.000000000000000000e+00 5.240216851234436035e-01
1.000000000000000000e+00 9.815928339958190918e-01
1.000000000000000000e+00 9.113143682479858398e-01
1.000000000000000000e+00 9.109186530113220215e-01
1.000000000000000000e+00 9.782872796058654785e-01
1.000000000000000000e+00 9.361898899078369141e-01
1.000000000000000000e+00 9.592974185943603516e-01
1.000000000000000000e+00 9.186656475067138672e-01
1.000000000000000000e+00 9.230601191520690918e-01
1.000000000000000000e+00 9.440702199935913086e-01
1.000000000000000000e+00 9.579525589942932129e-01
1.000000000000000000e+00 9.364043474197387695e-01
1.000000000000000000e+00 8.436008691787719727e-01
1.000000000000000000e+00 6.789793968200683594e-01
1.000000000000000000e+00 9.138821363449096680e-01
1.000000000000000000e+00 9.215967655181884766e-01
1.000000000000000000e+00 9.210975170135498047e-01
1.000000000000000000e+00 9.660796523094177246e-01
1.000000000000000000e+00 8.398679494857788086e-01
1.000000000000000000e+00 9.867154955863952637e-01
1.000000000000000000e+00 7.335965037345886230e-01
1.000000000000000000e+00 7.592458724975585938e-01
1.000000000000000000e+00 9.230700731277465820e-01
1.000000000000000000e+00 8.238368034362792969e-01
1.000000000000000000e+00 9.305705428123474121e-01
1.000000000000000000e+00 9.848573207855224609e-01
1.000000000000000000e+00 6.992399096488952637e-01
1.000000000000000000e+00 9.339272379875183105e-01
1.000000000000000000e+00 9.825664758682250977e-01
1.000000000000000000e+00 8.948297500610351562e-01
1.000000000000000000e+00 9.295976758003234863e-01
1.000000000000000000e+00 7.831689715385437012e-01
1.000000000000000000e+00 9.422434568405151367e-01
1.000000000000000000e+00 9.453142285346984863e-01
1.000000000000000000e+00 9.848785400390625000e-01
1.000000000000000000e+00 9.862928390502929688e-01
1.000000000000000000e+00 9.251510500907897949e-01
1.000000000000000000e+00 9.706887006759643555e-01
1.000000000000000000e+00 9.773096442222595215e-01
1.000000000000000000e+00 6.898405551910400391e-01
1.000000000000000000e+00 9.277833104133605957e-01
1.000000000000000000e+00 3.731360733509063721e-01
1.000000000000000000e+00 9.048365950584411621e-01
1.000000000000000000e+00 9.325388669967651367e-01
1.000000000000000000e+00 9.172146916389465332e-01
1.000000000000000000e+00 9.798071980476379395e-01
1.000000000000000000e+00 9.764428734779357910e-01
1.000000000000000000e+00 9.752293825149536133e-01
1.000000000000000000e+00 3.299032449722290039e-01
1.000000000000000000e+00 6.001063063740730286e-02
1.000000000000000000e+00 1.361994594335556030e-01
1.000000000000000000e+00 8.880237936973571777e-01
1.000000000000000000e+00 9.029948711395263672e-01
1.000000000000000000e+00 9.320024251937866211e-01
1.000000000000000000e+00 9.629977345466613770e-01
1.000000000000000000e+00 9.557687640190124512e-01
1.000000000000000000e+00 9.210975170135498047e-01
1.000000000000000000e+00 9.730170369148254395e-01
1.000000000000000000e+00 7.739201784133911133e-01
1.000000000000000000e+00 9.907255768775939941e-01
1.000000000000000000e+00 8.265222907066345215e-01
1.000000000000000000e+00 9.758599996566772461e-01
1.000000000000000000e+00 9.841496348381042480e-01
1.000000000000000000e+00 9.799144268035888672e-01
1.000000000000000000e+00 8.534069061279296875e-01
1.000000000000000000e+00 9.754912853240966797e-01
1.000000000000000000e+00 8.131246566772460938e-01
1.000000000000000000e+00 9.723548293113708496e-01
1.000000000000000000e+00 8.970860838890075684e-01
1.000000000000000000e+00 8.702878355979919434e-01
1.000000000000000000e+00 9.262251257896423340e-01
1.000000000000000000e+00 9.331430196762084961e-01
1.000000000000000000e+00 9.252020716667175293e-01
1.000000000000000000e+00 3.650273680686950684e-01
1.000000000000000000e+00 7.974234819412231445e-01
1.000000000000000000e+00 9.090596437454223633e-01
1.000000000000000000e+00 9.797317385673522949e-01
1.000000000000000000e+00 9.787896275520324707e-01
1.000000000000000000e+00 8.426845669746398926e-01
1.000000000000000000e+00 9.856983423233032227e-01
1.000000000000000000e+00 9.688294529914855957e-01
1.000000000000000000e+00 8.665878176689147949e-01
1.000000000000000000e+00 9.767219424247741699e-01
1.000000000000000000e+00 9.204668998718261719e-01
1.000000000000000000e+00 9.383456110954284668e-01
1.000000000000000000e+00 7.732861638069152832e-01
1.000000000000000000e+00 9.657886624336242676e-01
1.000000000000000000e+00 9.569345116615295410e-01
1.000000000000000000e+00 9.320024251937866211e-01
1.000000000000000000e+00 9.789306521415710449e-01
1.000000000000000000e+00 8.223549127578735352e-01
1.000000000000000000e+00 9.633984565734863281e-01
1.000000000000000000e+00 9.316731095314025879e-01
1.000000000000000000e+00 9.601658582687377930e-01
1.000000000000000000e+00 9.940994381904602051e-01
1.000000000000000000e+00 9.771625399589538574e-01
1.000000000000000000e+00 9.729159474372863770e-01
1.000000000000000000e+00 9.799202680587768555e-01
1.000000000000000000e+00 8.534234166145324707e-01
1.000000000000000000e+00 9.754511117935180664e-01
1.000000000000000000e+00 9.749120473861694336e-01
1.000000000000000000e+00 9.454503059387207031e-01
1.000000000000000000e+00 9.796696305274963379e-01
1.000000000000000000e+00 9.715195298194885254e-01
1.000000000000000000e+00 9.111257195472717285e-01
1.000000000000000000e+00 9.867639541625976562e-01
1.000000000000000000e+00 9.218710064888000488e-01
1.000000000000000000e+00 8.960929512977600098e-01
1.000000000000000000e+00 9.689068198204040527e-01
1.000000000000000000e+00 9.101210832595825195e-01
1.000000000000000000e+00 9.883412122726440430e-01
1.000000000000000000e+00 6.860567927360534668e-01
1.000000000000000000e+00 7.012755274772644043e-01
1.000000000000000000e+00 9.807376265525817871e-01
1.000000000000000000e+00 8.476374745368957520e-01
1.000000000000000000e+00 9.182993769645690918e-01
1.000000000000000000e+00 9.495739936828613281e-01
1.000000000000000000e+00 9.758863449096679688e-01
1.000000000000000000e+00 9.294676780700683594e-01
1.000000000000000000e+00 9.282833337783813477e-01
1.000000000000000000e+00 9.734424352645874023e-01
1.000000000000000000e+00 9.727114439010620117e-01
1.000000000000000000e+00 9.926877617835998535e-01
1.000000000000000000e+00 8.112512826919555664e-01
1.000000000000000000e+00 5.151652097702026367e-01
1.000000000000000000e+00 9.773640632629394531e-01
1.000000000000000000e+00 8.793451189994812012e-01
1.000000000000000000e+00 9.394350051879882812e-01
1.000000000000000000e+00 9.474574923515319824e-01
1.000000000000000000e+00 9.853922724723815918e-01
1.000000000000000000e+00 9.039971232414245605e-01
1.000000000000000000e+00 1.504127383232116699e-01
1.000000000000000000e+00 6.655674576759338379e-01
1.000000000000000000e+00 9.644356966018676758e-01
1.000000000000000000e+00 4.963638484477996826e-01
1.000000000000000000e+00 9.051012992858886719e-01
1.000000000000000000e+00 7.762769460678100586e-01
1.000000000000000000e+00 9.410379528999328613e-01
1.000000000000000000e+00 7.659943699836730957e-01
1.000000000000000000e+00 9.876352548599243164e-01
1.000000000000000000e+00 9.829156398773193359e-01
1.000000000000000000e+00 9.770886898040771484e-01
1.000000000000000000e+00 8.964182734489440918e-01
1.000000000000000000e+00 7.845811247825622559e-01
1.000000000000000000e+00 9.887562990188598633e-01
1.000000000000000000e+00 9.507828354835510254e-01
1.000000000000000000e+00 9.320037364959716797e-01
1.000000000000000000e+00 9.043234586715698242e-01
1.000000000000000000e+00 9.794545173645019531e-01
1.000000000000000000e+00 9.909725189208984375e-01
1.000000000000000000e+00 9.669274091720581055e-01
1.000000000000000000e+00 9.706997275352478027e-01
1.000000000000000000e+00 9.136653542518615723e-01
1.000000000000000000e+00 8.897600173950195312e-01
1.000000000000000000e+00 9.781713485717773438e-01
1.000000000000000000e+00 2.940685153007507324e-01
1.000000000000000000e+00 4.899459779262542725e-01
1.000000000000000000e+00 9.676573276519775391e-01
1.000000000000000000e+00 9.040706157684326172e-01
1.000000000000000000e+00 7.972190380096435547e-01
1.000000000000000000e+00 9.814818501472473145e-01
1.000000000000000000e+00 9.656094908714294434e-01
1.000000000000000000e+00 9.814090132713317871e-01
1.000000000000000000e+00 9.440009593963623047e-01
1.000000000000000000e+00 9.588901996612548828e-01
1.000000000000000000e+00 9.665897488594055176e-01
1.000000000000000000e+00 9.184780716896057129e-01
1.000000000000000000e+00 8.638362288475036621e-01
1.000000000000000000e+00 9.754913449287414551e-01
1.000000000000000000e+00 9.386671185493469238e-01
1.000000000000000000e+00 9.541876316070556641e-01
1.000000000000000000e+00 9.004558920860290527e-01
1.000000000000000000e+00 9.872152209281921387e-01
1.000000000000000000e+00 8.264337182044982910e-01
1.000000000000000000e+00 9.437385797500610352e-01
1.000000000000000000e+00 9.554822444915771484e-01
1.000000000000000000e+00 9.808137416839599609e-01
1.000000000000000000e+00 9.802543520927429199e-01
1.000000000000000000e+00 9.316001534461975098e-01
1.000000000000000000e+00 9.642044901847839355e-01
1.000000000000000000e+00 9.764347672462463379e-01
1.000000000000000000e+00 9.835489988327026367e-01
1.000000000000000000e+00 9.712166786193847656e-01
1.000000000000000000e+00 7.531777024269104004e-01
1.000000000000000000e+00 9.663282632827758789e-01
1.000000000000000000e+00 8.779764771461486816e-01
1.000000000000000000e+00 9.373890161514282227e-01
1.000000000000000000e+00 9.090596437454223633e-01
1.000000000000000000e+00 9.862905740737915039e-01
1.000000000000000000e+00 9.307538270950317383e-01
1.000000000000000000e+00 9.807538986206054688e-01
1.000000000000000000e+00 9.747936129570007324e-01
1.000000000000000000e+00 9.885187149047851562e-01
1.000000000000000000e+00 9.441257715225219727e-01
1.000000000000000000e+00 9.819628596305847168e-01
1.000000000000000000e+00 8.106582760810852051e-01
1.000000000000000000e+00 9.848541021347045898e-01
1.000000000000000000e+00 8.604629039764404297e-01
1.000000000000000000e+00 9.305238723754882812e-01
1.000000000000000000e+00 9.747177362442016602e-01
1.000000000000000000e+00 9.764261245727539062e-01
1.000000000000000000e+00 8.704662919044494629e-01
1.000000000000000000e+00 9.837841391563415527e-01
1.000000000000000000e+00 8.797114491462707520e-01
1.000000000000000000e+00 9.512448906898498535e-01
1.000000000000000000e+00 9.202690124511718750e-01
1.000000000000000000e+00 9.738885760307312012e-01
1.000000000000000000e+00 9.842668175697326660e-01
1.000000000000000000e+00 9.842064380645751953e-01
1.000000000000000000e+00 9.769632220268249512e-01
1.000000000000000000e+00 9.491716623306274414e-01
1.000000000000000000e+00 9.320024251937866211e-01
1.000000000000000000e+00 4.679882898926734924e-02
1.000000000000000000e+00 7.580819129943847656e-01
1.000000000000000000e+00 9.917618036270141602e-01
1.000000000000000000e+00 9.586957097053527832e-01
1.000000000000000000e+00 8.616923540830612183e-02
1.000000000000000000e+00 2.411115318536758423e-01
1.000000000000000000e+00 9.446720480918884277e-01
1.000000000000000000e+00 8.131224513053894043e-01
1.000000000000000000e+00 6.831384897232055664e-01
1.000000000000000000e+00 8.964163661003112793e-01
1.000000000000000000e+00 9.806295633316040039e-01
1.000000000000000000e+00 8.954154253005981445e-01
1.000000000000000000e+00 9.667779207229614258e-01
1.000000000000000000e+00 9.537112712860107422e-01
1.000000000000000000e+00 8.569428920745849609e-01
1.000000000000000000e+00 9.232778549194335938e-01
1.000000000000000000e+00 9.853922724723815918e-01
1.000000000000000000e+00 8.671662807464599609e-01
1.000000000000000000e+00 7.265898585319519043e-01
1.000000000000000000e+00 9.757292270660400391e-01
1.000000000000000000e+00 9.713959097862243652e-01
1.000000000000000000e+00 8.076761364936828613e-01
1.000000000000000000e+00 9.161399006843566895e-01
1.000000000000000000e+00 9.722984433174133301e-01
1.000000000000000000e+00 9.796920418739318848e-01
1.000000000000000000e+00 9.322728514671325684e-01
1.000000000000000000e+00 9.777045845985412598e-01
1.000000000000000000e+00 8.700961470603942871e-01
1.000000000000000000e+00 9.269665479660034180e-01
1.000000000000000000e+00 9.745747447013854980e-01
1.000000000000000000e+00 3.328517377376556396e-01
1.000000000000000000e+00 9.638406038284301758e-01
1.000000000000000000e+00 9.849190711975097656e-01
1.000000000000000000e+00 9.605611562728881836e-01
1.000000000000000000e+00 9.577931761741638184e-01
1.000000000000000000e+00 9.669367074966430664e-01
1.000000000000000000e+00 9.768444895744323730e-01
1.000000000000000000e+00 9.889702796936035156e-01
1.000000000000000000e+00 9.922876358032226562e-01
1.000000000000000000e+00 8.534069061279296875e-01
1.000000000000000000e+00 9.509992003440856934e-01
1.000000000000000000e+00 8.171115517616271973e-01
1.000000000000000000e+00 8.633894324302673340e-01
1.000000000000000000e+00 9.911121129989624023e-01
1.000000000000000000e+00 9.453393220901489258e-01
1.000000000000000000e+00 9.763398766517639160e-01
1.000000000000000000e+00 9.027501344680786133e-01
1.000000000000000000e+00 9.836806654930114746e-01
1.000000000000000000e+00 9.644125103950500488e-01
1.000000000000000000e+00 9.475879669189453125e-01
1.000000000000000000e+00 4.806293249130249023e-01
1.000000000000000000e+00 9.845085740089416504e-01
1.000000000000000000e+00 9.832486510276794434e-01
1.000000000000000000e+00 9.885191321372985840e-01
1.000000000000000000e+00 9.936012625694274902e-01
1.000000000000000000e+00 9.695010781288146973e-01
1.000000000000000000e+00 8.463501930236816406e-01
1.000000000000000000e+00 9.609834551811218262e-01
1.000000000000000000e+00 9.344472289085388184e-01
1.000000000000000000e+00 9.824301600456237793e-01
1.000000000000000000e+00 9.832741022109985352e-01
1.000000000000000000e+00 9.890369772911071777e-01
1.000000000000000000e+00 9.074445962905883789e-01
1.000000000000000000e+00 9.668228030204772949e-01
1.000000000000000000e+00 7.646563053131103516e-01
1.000000000000000000e+00 9.803258180618286133e-01
1.000000000000000000e+00 9.308251142501831055e-01
1.000000000000000000e+00 9.825350046157836914e-01
1.000000000000000000e+00 9.556244611740112305e-01
1.000000000000000000e+00 9.866620302200317383e-01
1.000000000000000000e+00 9.809389114379882812e-01
1.000000000000000000e+00 9.546435475349426270e-01
1.000000000000000000e+00 7.170929908752441406e-01
1.000000000000000000e+00 9.702363014221191406e-01
1.000000000000000000e+00 9.714373350143432617e-01
1.000000000000000000e+00 7.640747427940368652e-01
1.000000000000000000e+00 9.905067086219787598e-01
1.000000000000000000e+00 9.638713002204895020e-01
1.000000000000000000e+00 9.773481488227844238e-01
1.000000000000000000e+00 9.871473908424377441e-01
1.000000000000000000e+00 9.050335884094238281e-01
1.000000000000000000e+00 9.851558208465576172e-01
1.000000000000000000e+00 9.826403260231018066e-01
1.000000000000000000e+00 9.635857343673706055e-01
1.000000000000000000e+00 9.605901837348937988e-01
1.000000000000000000e+00 9.472130537033081055e-01
1.000000000000000000e+00 9.945523738861083984e-01
1.000000000000000000e+00 9.844574928283691406e-01
1.000000000000000000e+00 9.431746602058410645e-01
1.000000000000000000e+00 9.506926536560058594e-01
1.000000000000000000e+00 9.856705665588378906e-01
1.000000000000000000e+00 9.635905027389526367e-01
1.000000000000000000e+00 8.764179348945617676e-01
1.000000000000000000e+00 9.895362257957458496e-01
1.000000000000000000e+00 9.657100439071655273e-01
1.000000000000000000e+00 8.827211260795593262e-01
1.000000000000000000e+00 9.865652322769165039e-01
1.000000000000000000e+00 9.464353919029235840e-01
1.000000000000000000e+00 9.864979982376098633e-01
1.000000000000000000e+00 9.319527149200439453e-01
1.000000000000000000e+00 9.682334661483764648e-01
1.000000000000000000e+00 9.089257717132568359e-01
1.000000000000000000e+00 9.490796327590942383e-01
1.000000000000000000e+00 9.825739264488220215e-01
1.000000000000000000e+00 9.819526672363281250e-01
1.000000000000000000e+00 9.854352474212646484e-01
1.000000000000000000e+00 9.561403989791870117e-01
1.000000000000000000e+00 9.043022394180297852e-01
1.000000000000000000e+00 9.270963668823242188e-01
1.000000000000000000e+00 9.801029562950134277e-01
1.000000000000000000e+00 8.384658694267272949e-01
1.000000000000000000e+00 9.819934964179992676e-01
1.000000000000000000e+00 8.828864097595214844e-01
1.000000000000000000e+00 9.830300807952880859e-01
1.000000000000000000e+00 6.545411944389343262e-01
1.000000000000000000e+00 9.762763977050781250e-01
1.000000000000000000e+00 9.802068471908569336e-01
1.000000000000000000e+00 9.727083444595336914e-01
1.000000000000000000e+00 9.802009463310241699e-01
1.000000000000000000e+00 9.831201434135437012e-01
1.000000000000000000e+00 9.934471845626831055e-01
1.000000000000000000e+00 9.866096973419189453e-01
1.000000000000000000e+00 9.756258130073547363e-01
1.000000000000000000e+00 9.917879700660705566e-01
1.000000000000000000e+00 9.806368947029113770e-01
1.000000000000000000e+00 9.905081391334533691e-01
1.000000000000000000e+00 9.947686791419982910e-01
1.000000000000000000e+00 9.952417016029357910e-01
1.000000000000000000e+00 9.953792095184326172e-01
1.000000000000000000e+00 9.953164458274841309e-01
