0.000000000000000000e+00 3.996403268246770946e-01 8.738338918576216141e-01
0.000000000000000000e+00 3.718964674525624403e-01 8.833439000090571591e-01
0.000000000000000000e+00 3.702708382505143225e-01 8.816230413911783081e-01
0.000000000000000000e+00 3.613984959467144153e-01 8.857893306765691754e-01
0.000000000000000000e+00 3.579178812588253988e-01 8.851553301331400725e-01
0.000000000000000000e+00 3.549757879216328682e-01 8.877819038130604357e-01
0.000000000000000000e+00 3.539032486043319214e-01 8.849741871207318367e-01
0.000000000000000000e+00 3.550424142133654093e-01 8.900461914681641051e-01
0.000000000000000000e+00 3.546752468617875298e-01 8.855176161579566552e-01
0.000000000000000000e+00 3.506685979279683951e-01 8.887781903813060103e-01
0.000000000000000000e+00 3.475223377714669049e-01 8.912236210488180266e-01
0.000000000000000000e+00 3.485458111688495286e-01 8.897744769495516959e-01
0.000000000000000000e+00 3.543382863640156533e-01 8.862421882075899315e-01
0.000000000000000000e+00 3.493171845765968841e-01 8.919481930984511919e-01
0.000000000000000000e+00 3.460939393077491211e-01 8.901367629743682786e-01
0.000000000000000000e+00 2.265401606512349453e-01 9.329770854089303178e-01
0.000000000000000000e+00 1.755574667778683762e-01 9.402228059052621933e-01
0.000000000000000000e+00 1.646412734476038753e-01 9.417625215107326975e-01
0.000000000000000000e+00 1.498775823166232923e-01 9.475590979077982423e-01
0.000000000000000000e+00 1.491713820500408516e-01 9.441173806720405404e-01
0.000000000000000000e+00 1.447118968429197683e-01 9.464722398333483833e-01
0.000000000000000000e+00 1.440712990722759212e-01 9.469250973643691394e-01
0.000000000000000000e+00 1.349124105717973421e-01 9.545331038855175976e-01
0.000000000000000000e+00 1.318265059786630777e-01 9.579748211212752995e-01
0.000000000000000000e+00 1.356766847933327247e-01 9.518159586993931720e-01
0.000000000000000000e+00 1.522954848074591638e-01 9.452948102526944618e-01
0.000000000000000000e+00 1.444436245621194825e-01 9.500045285753102586e-01
0.000000000000000000e+00 1.325457717520272249e-01 9.533556743048636761e-01
0.000000000000000000e+00 1.431759084924218162e-01 9.481930984512272342e-01
0.000000000000000000e+00 1.225032873436752989e-01 9.596956797391540395e-01
1.000000000000000000e+00 2.425063829450649633e-01 9.429399510913866189e-01
1.000000000000000000e+00 1.689346763962541742e-01 9.464722398333483833e-01
1.000000000000000000e+00 1.451816890212045408e-01 9.517253871931889986e-01
1.000000000000000000e+00 1.395144302971064731e-01 9.538085318358844322e-01
1.000000000000000000e+00 1.304451540000124976e-01 9.571596775654379607e-01
1.000000000000000000e+00 1.204230297689029561e-01 9.589711076895208741e-01
1.000000000000000000e+00 1.289412086674344704e-01 9.559822479847840393e-01
1.000000000000000000e+00 1.093132762210809461e-01 9.622316819128702292e-01
1.000000000000000000e+00 1.185897066914444326e-01 9.574313920840503700e-01
1.000000000000000000e+00 1.152608179221729368e-01 9.577936781088669527e-01
1.000000000000000000e+00 1.206489359874771405e-01 9.556199619599673456e-01
1.000000000000000000e+00 1.048126801235385597e-01 9.624128249252784650e-01
1.000000000000000000e+00 1.077686215532471237e-01 9.611448238384204812e-01
1.000000000000000000e+00 1.229193592707956556e-01 9.524499592428221639e-01
1.000000000000000000e+00 1.065494293320534691e-01 9.602391087763789690e-01
2.000000000000000000e+00 2.122735997069475355e-01 9.475590979077982423e-01
2.000000000000000000e+00 1.444346368084881704e-01 9.565256770220088578e-01
2.000000000000000000e+00 1.326955913963344946e-01 9.575219635902545434e-01
2.000000000000000000e+00 1.263349801498099279e-01 9.586088216647042914e-01
2.000000000000000000e+00 1.161979549510134546e-01 9.606919663073997251e-01
2.000000000000000000e+00 1.160132921800601929e-01 9.607825378136037875e-01
2.000000000000000000e+00 1.152914697108412684e-01 9.606013948011955517e-01
2.000000000000000000e+00 1.185636613352657881e-01 9.586993931709084649e-01
2.000000000000000000e+00 1.127057765890949192e-01 9.619599673942578200e-01
2.000000000000000000e+00 1.226261800602332919e-01 9.560728194909881017e-01
2.000000000000000000e+00 1.034651246713323008e-01 9.654922561362195843e-01
2.000000000000000000e+00 9.732301422230438259e-02 9.676659722851190804e-01
2.000000000000000000e+00 9.404827201508393630e-02 9.695679739154061672e-01
2.000000000000000000e+00 9.146702868360027938e-02 9.700208314464269233e-01
2.000000000000000000e+00 1.036489668768286188e-01 9.631373969749117414e-01
3.000000000000000000e+00 1.726399313931784585e-01 9.471062403767774862e-01
3.000000000000000000e+00 1.323632955748729190e-01 9.561633909971922751e-01
3.000000000000000000e+00 1.133324388080818867e-01 9.618693958880536465e-01
3.000000000000000000e+00 1.079110049777352448e-01 9.630468254687075680e-01
3.000000000000000000e+00 1.029537206258878679e-01 9.647676840865863079e-01
3.000000000000000000e+00 9.938880980399725229e-02 9.675754007789149069e-01
3.000000000000000000e+00 9.661862274430518815e-02 9.686622588533647660e-01
3.000000000000000000e+00 9.501970635204842752e-02 9.688434018657730018e-01
3.000000000000000000e+00 9.924875947025287026e-02 9.645865410741780721e-01
3.000000000000000000e+00 9.064690555086861445e-02 9.706548319898560262e-01
3.000000000000000000e+00 9.105639221542072281e-02 9.708359750022642620e-01
3.000000000000000000e+00 8.921142977942267405e-02 9.708359750022642620e-01
3.000000000000000000e+00 9.023428704359907904e-02 9.699302599402228608e-01
3.000000000000000000e+00 8.693528372810492566e-02 9.724662621139389396e-01
3.000000000000000000e+00 8.957070547066339761e-02 9.715605470518974274e-01
4.000000000000000000e+00 2.468509802232529138e-01 9.459288107961235648e-01
4.000000000000000000e+00 1.289340403501955390e-01 9.601485372701747956e-01
4.000000000000000000e+00 1.151408700651168904e-01 9.618693958880536465e-01
4.000000000000000000e+00 1.089252454262317205e-01 9.624128249252784650e-01
4.000000000000000000e+00 1.035180489610397908e-01 9.654922561362195843e-01
4.000000000000000000e+00 1.001239043289064712e-01 9.661262566796485762e-01
4.000000000000000000e+00 1.104621872941130289e-01 9.594239652205416302e-01
4.000000000000000000e+00 9.253368608769775572e-02 9.723756906077347661e-01
4.000000000000000000e+00 9.502192990775817916e-02 9.697491169278145140e-01
4.000000000000000000e+00 9.844193580505325447e-02 9.671225432478942619e-01
4.000000000000000000e+00 9.017573423940573873e-02 9.713794040394891915e-01
4.000000000000000000e+00 8.722509434691858021e-02 9.728285481387555222e-01
4.000000000000000000e+00 8.562901655681337543e-02 9.733719771759804518e-01
4.000000000000000000e+00 9.038440380543216746e-02 9.699302599402228608e-01
4.000000000000000000e+00 8.648399427911127035e-02 9.721945475953265303e-01
5.000000000000000000e+00 2.178754686423407805e-01 9.469250973643691394e-01
5.000000000000000000e+00 1.548485739581611786e-01 9.519971017118015189e-01
5.000000000000000000e+00 1.260371202689421488e-01 9.607825378136037875e-01
5.000000000000000000e+00 1.334032780355525472e-01 9.554388189475591098e-01
5.000000000000000000e+00 1.133151821714674379e-01 9.615976813694411263e-01
5.000000000000000000e+00 1.091395152862641715e-01 9.635902545059323865e-01
5.000000000000000000e+00 1.165376170438823938e-01 9.582465356398877088e-01
5.000000000000000000e+00 1.202370516348113955e-01 9.567068200344172046e-01
5.000000000000000000e+00 1.041729769488276558e-01 9.642242550493614894e-01
5.000000000000000000e+00 9.500558083603521942e-02 9.698396884340186874e-01
5.000000000000000000e+00 9.958143303882574515e-02 9.652205416176070640e-01
5.000000000000000000e+00 9.110587022912525201e-02 9.705642604836518528e-01
5.000000000000000000e+00 9.304805008933760002e-02 9.694774024092021047e-01
5.000000000000000000e+00 8.859739543500179393e-02 9.712888325332850181e-01
5.000000000000000000e+00 1.128029612022025258e-01 9.597862512453582129e-01
6.000000000000000000e+00 3.008320266597056536e-01 9.433022371162032016e-01
6.000000000000000000e+00 1.528204421422636183e-01 9.567068200344172046e-01
6.000000000000000000e+00 1.329368945707818106e-01 9.583371071460918822e-01
6.000000000000000000e+00 1.206025003426691583e-01 9.625939679376868119e-01
6.000000000000000000e+00 1.122878976705454085e-01 9.635902545059323865e-01
6.000000000000000000e+00 1.129866466027981686e-01 9.616882528756452997e-01
6.000000000000000000e+00 1.112775751653607287e-01 9.613259668508287170e-01
6.000000000000000000e+00 1.048137917701370964e-01 9.636808260121365599e-01
6.000000000000000000e+00 1.088049297961700829e-01 9.611448238384204812e-01
6.000000000000000000e+00 1.057249692227492932e-01 9.631373969749117414e-01
6.000000000000000000e+00 9.807356192033095388e-02 9.676659722851190804e-01
6.000000000000000000e+00 9.402570264541050549e-02 9.682094013223440099e-01
6.000000000000000000e+00 9.126184290654462683e-02 9.691151163843855221e-01
6.000000000000000000e+00 9.018166171126894282e-02 9.711076895208767823e-01
6.000000000000000000e+00 9.322469128562321794e-02 9.699302599402228608e-01
7.000000000000000000e+00 2.509858049784648992e-01 9.459288107961235648e-01
7.000000000000000000e+00 1.537463805175644238e-01 9.541708178607010149e-01
7.000000000000000000e+00 1.324048346158592515e-01 9.582465356398877088e-01
7.000000000000000000e+00 1.313233781136693701e-01 9.561633909971922751e-01
7.000000000000000000e+00 1.208200552305690595e-01 9.592428222081332834e-01
7.000000000000000000e+00 1.103843931808957401e-01 9.605108232949913782e-01
7.000000000000000000e+00 1.009540937104090319e-01 9.649488270989946548e-01
7.000000000000000000e+00 1.101389606569506407e-01 9.616882528756452997e-01
7.000000000000000000e+00 1.053958272628099241e-01 9.635902545059323865e-01
7.000000000000000000e+00 8.913615954532128072e-02 9.730096911511638691e-01
7.000000000000000000e+00 1.003021675512958122e-01 9.672131147540983243e-01
7.000000000000000000e+00 8.461985880547474859e-02 9.759079793496965305e-01
7.000000000000000000e+00 8.633011319729802513e-02 9.738248347070012079e-01
7.000000000000000000e+00 1.037763281275524418e-01 9.667602572230775682e-01
7.000000000000000000e+00 8.237301614382276649e-02 9.759079793496965305e-01
8.000000000000000000e+00 2.321321048664078956e-01 9.492799565256769823e-01
8.000000000000000000e+00 1.511396514696030091e-01 9.555293904537632832e-01
8.000000000000000000e+00 1.262603896479931598e-01 9.617788243818494731e-01
8.000000000000000000e+00 1.239603234977279395e-01 9.587899646771125273e-01
8.000000000000000000e+00 1.070235804927905793e-01 9.651299701114030016e-01
8.000000000000000000e+00 1.095968738024627881e-01 9.589711076895208741e-01
8.000000000000000000e+00 1.019037460948714613e-01 9.638619690245449068e-01
8.000000000000000000e+00 9.876694539870820022e-02 9.634996829997283241e-01
8.000000000000000000e+00 9.528157461004112261e-02 9.671225432478942619e-01
8.000000000000000000e+00 8.975318351554825713e-02 9.716511185581016008e-01
8.000000000000000000e+00 8.745912793637487803e-02 9.727379766325513488e-01
8.000000000000000000e+00 8.599960228810113461e-02 9.740059777194094437e-01
8.000000000000000000e+00 8.825237282917926251e-02 9.734625486821846252e-01
8.000000000000000000e+00 8.959951917607097971e-02 9.721945475953265303e-01
8.000000000000000000e+00 8.475219708650659489e-02 9.746399782628385466e-01
9.000000000000000000e+00 2.250679671410224791e-01 9.442079521782447138e-01
9.000000000000000000e+00 1.470897902048817485e-01 9.548048184041300068e-01
9.000000000000000000e+00 1.246714803180225539e-01 9.629562539625033946e-01
9.000000000000000000e+00 1.218470326656094505e-01 9.575219635902545434e-01
9.000000000000000000e+00 1.060147940237519820e-01 9.650393986051988282e-01
9.000000000000000000e+00 1.055720099764643899e-01 9.624128249252784650e-01
9.000000000000000000e+00 9.758370124334846130e-02 9.679376868037316006e-01
9.000000000000000000e+00 1.017146060541109925e-01 9.639525405307490802e-01
9.000000000000000000e+00 1.063545665701076115e-01 9.625033964314826385e-01
9.000000000000000000e+00 9.523530974371952063e-02 9.687528303595688284e-01
9.000000000000000000e+00 8.851754595233099487e-02 9.732814056697762783e-01
9.000000000000000000e+00 8.747905654137290432e-02 9.733719771759804518e-01
9.000000000000000000e+00 8.532667740029731274e-02 9.740965492256136171e-01
9.000000000000000000e+00 7.937940386052355635e-02 9.773571234489629722e-01
9.000000000000000000e+00 8.206831658190706646e-02 9.756362648310841212e-01
1.000000000000000000e+01 1.782170596199086632e-01 9.442079521782447138e-01
1.000000000000000000e+01 1.338168389585034368e-01 9.591522507019292210e-01
1.000000000000000000e+01 1.184493638222290923e-01 9.629562539625033946e-01
1.000000000000000000e+01 1.088945414246513116e-01 9.640431120369531426e-01
1.000000000000000000e+01 1.025223890105046443e-01 9.665791142106693323e-01
1.000000000000000000e+01 9.568990145419031812e-02 9.692962593967937579e-01
1.000000000000000000e+01 9.261227363203898555e-02 9.681188298161398365e-01
1.000000000000000000e+01 8.539777816005757194e-02 9.741871207318177905e-01
1.000000000000000000e+01 8.523505195600301898e-02 9.750928357938593027e-01
1.000000000000000000e+01 8.200331345029129859e-02 9.764514083869214600e-01
1.000000000000000000e+01 7.751272332988506930e-02 9.777194094737795549e-01
1.000000000000000000e+01 8.816304427884605333e-02 9.731002626573680425e-01
1.000000000000000000e+01 7.414842282304502652e-02 9.779911239923919641e-01
1.000000000000000000e+01 7.480640367421044490e-02 9.780816954985961376e-01
1.000000000000000000e+01 7.126933066629544122e-02 9.798931256226790509e-01
1.100000000000000000e+01 1.824542967701540674e-01 9.427588080789783831e-01
1.100000000000000000e+01 1.311751606826091765e-01 9.615976813694411263e-01
1.100000000000000000e+01 1.182495335999353553e-01 9.605108232949913782e-01
1.100000000000000000e+01 1.075345067173294894e-01 9.669414002354859150e-01
1.100000000000000000e+01 1.043530375210764832e-01 9.652205416176070640e-01
1.100000000000000000e+01 1.003503443135417006e-01 9.665791142106693323e-01
1.100000000000000000e+01 9.002212459714988013e-02 9.727379766325513488e-01
1.100000000000000000e+01 8.570925220244707265e-02 9.722851191015307037e-01
1.100000000000000000e+01 8.161306875101456693e-02 9.760891223621048773e-01
1.100000000000000000e+01 8.435019774691410177e-02 9.742776922380219640e-01
1.100000000000000000e+01 7.854365231196100416e-02 9.759079793496965305e-01
1.100000000000000000e+01 7.420008319012871834e-02 9.779005524861877907e-01
1.100000000000000000e+01 7.409764613844468939e-02 9.784439815234127202e-01
1.100000000000000000e+01 7.476857128018850329e-02 9.780816954985961376e-01
1.100000000000000000e+01 7.189657471189318805e-02 9.794402680916584059e-01
1.200000000000000000e+01 3.681599789624729890e-01 7.671406575491350743e-01
1.200000000000000000e+01 3.531901810723400703e-01 6.546508468435829897e-01
1.200000000000000000e+01 3.409466630631388107e-01 8.659541708178607466e-01
1.200000000000000000e+01 1.533232428846933448e-01 9.570691060592337873e-01
1.200000000000000000e+01 1.106404110347045250e-01 9.641336835431573160e-01
1.200000000000000000e+01 1.023599643140279541e-01 9.663073996920569231e-01
1.200000000000000000e+01 9.268332290979600097e-02 9.715605470518974274e-01
1.200000000000000000e+01 8.969499017836311816e-02 9.748211212752467825e-01
1.200000000000000000e+01 8.400813491796693677e-02 9.762702653745132242e-01
1.200000000000000000e+01 8.126596345831503532e-02 9.772665519427587988e-01
1.200000000000000000e+01 7.734863275702784369e-02 9.775382664613712080e-01
1.200000000000000000e+01 7.621531784760723904e-02 9.780816954985961376e-01
1.200000000000000000e+01 7.439984798385691767e-02 9.773571234489629722e-01
1.200000000000000000e+01 7.183921343920848801e-02 9.786251245358210671e-01
1.200000000000000000e+01 7.071950658650243138e-02 9.792591250792500590e-01
1.300000000000000000e+01 2.634075401196975252e-01 9.308033692600308218e-01
1.300000000000000000e+01 1.600242050368549940e-01 9.511819581559641801e-01
1.300000000000000000e+01 1.333063941719695167e-01 9.584276786522959446e-01
1.300000000000000000e+01 1.246329996820515623e-01 9.625033964314826385e-01
1.300000000000000000e+01 1.216643857890024744e-01 9.571596775654379607e-01
1.300000000000000000e+01 1.093654053060389431e-01 9.634091114935241507e-01
1.300000000000000000e+01 1.004331405216322276e-01 9.677565437913232538e-01
1.300000000000000000e+01 1.168754031284730266e-01 9.570691060592337873e-01
1.300000000000000000e+01 9.468662636468494487e-02 9.703831174712435059e-01
1.300000000000000000e+01 9.376464551290271399e-02 9.706548319898560262e-01
1.300000000000000000e+01 9.484371658712437148e-02 9.705642604836518528e-01
1.300000000000000000e+01 8.472245269852902994e-02 9.753645503124717120e-01
1.300000000000000000e+01 7.926842714988482919e-02 9.774476949551671456e-01
1.300000000000000000e+01 8.066315791857368855e-02 9.770854089303505630e-01
1.300000000000000000e+01 7.953246511835182497e-02 9.764514083869214600e-01
1.400000000000000000e+01 1.949958727607961351e-01 9.485553844760438169e-01
1.400000000000000000e+01 1.267156004938319314e-01 9.644053980617697253e-01
1.400000000000000000e+01 1.139423354842444697e-01 9.654016846300154109e-01
1.400000000000000000e+01 1.134893147619332743e-01 9.618693958880536465e-01
1.400000000000000000e+01 1.006924135594532976e-01 9.687528303595688284e-01
1.400000000000000000e+01 1.016765312383251380e-01 9.658545421610361670e-01
1.400000000000000000e+01 9.702944713416500333e-02 9.682999728285481833e-01
1.400000000000000000e+01 9.954355998449150589e-02 9.644053980617697253e-01
1.400000000000000000e+01 9.094397835191241064e-02 9.699302599402228608e-01
1.400000000000000000e+01 8.575249914131179152e-02 9.736436916945928610e-01
1.400000000000000000e+01 8.271696589583386883e-02 9.750022642876551293e-01
1.400000000000000000e+01 8.610529145627357495e-02 9.735531201883886876e-01
1.400000000000000000e+01 7.937119878260535943e-02 9.760891223621048773e-01
1.400000000000000000e+01 8.431491916761195415e-02 9.740965492256136171e-01
1.400000000000000000e+01 7.979803749885538977e-02 9.764514083869214600e-01
1.500000000000000000e+01 1.761885217062193754e-01 9.494610995380853291e-01
1.500000000000000000e+01 1.258040679325800049e-01 9.630468254687075680e-01
1.500000000000000000e+01 1.091385577186198275e-01 9.656733991486278201e-01
1.500000000000000000e+01 1.008121371947173217e-01 9.675754007789149069e-01
1.500000000000000000e+01 9.504030318296710633e-02 9.681188298161398365e-01
1.500000000000000000e+01 9.345965891421607885e-02 9.711982610270808447e-01
1.500000000000000000e+01 9.068693199850007269e-02 9.686622588533647660e-01
1.500000000000000000e+01 8.610010908177978539e-02 9.731908341635721049e-01
1.500000000000000000e+01 8.479738881397927419e-02 9.732814056697762783e-01
1.500000000000000000e+01 7.870873303853866132e-02 9.778099809799837283e-01
1.500000000000000000e+01 7.983211165614961802e-02 9.761796938683090508e-01
1.500000000000000000e+01 7.452411923433904795e-02 9.773571234489629722e-01
1.500000000000000000e+01 7.763208235167889937e-02 9.762702653745132242e-01
1.500000000000000000e+01 7.524667230320507272e-02 9.779911239923919641e-01
1.500000000000000000e+01 7.312373761366978975e-02 9.784439815234127202e-01
1.600000000000000000e+01 2.015227143486425510e-01 9.459288107961235648e-01
1.600000000000000000e+01 1.369956615547869294e-01 9.586993931709084649e-01
1.600000000000000000e+01 1.192052266632229740e-01 9.640431120369531426e-01
1.600000000000000000e+01 1.169464200580915825e-01 9.622316819128702292e-01
1.600000000000000000e+01 1.084945552997287066e-01 9.652205416176070640e-01
1.600000000000000000e+01 1.067528311148076420e-01 9.642242550493614894e-01
1.600000000000000000e+01 1.025012340028139540e-01 9.644959695679738987e-01
1.600000000000000000e+01 1.003171577513605195e-01 9.660356851734444028e-01
1.600000000000000000e+01 9.342999843297958296e-02 9.687528303595688284e-01
1.600000000000000000e+01 8.943209172009956853e-02 9.718322615705099476e-01
1.600000000000000000e+01 8.652353520283219412e-02 9.721039760891223569e-01
1.600000000000000000e+01 8.454612613334493154e-02 9.729191196449596957e-01
1.600000000000000000e+01 7.797837248399851207e-02 9.759985508559007039e-01
1.600000000000000000e+01 7.885180363067813281e-02 9.747305497690426090e-01
1.600000000000000000e+01 8.228566273868820335e-02 9.740059777194094437e-01
1.700000000000000000e+01 1.913505395934504694e-01 9.428493795851825565e-01
1.700000000000000000e+01 1.341106498608178044e-01 9.611448238384204812e-01
1.700000000000000000e+01 1.180621540013241516e-01 9.629562539625033946e-01
1.700000000000000000e+01 1.078978682114227483e-01 9.644959695679738987e-01
1.700000000000000000e+01 1.000525583813674374e-01 9.662168281858527497e-01
1.700000000000000000e+01 9.571307057611816438e-02 9.654922561362195843e-01
1.700000000000000000e+01 9.436905656852541402e-02 9.674848292727108445e-01
1.700000000000000000e+01 8.906892210127176357e-02 9.713794040394891915e-01
1.700000000000000000e+01 8.443380619397844455e-02 9.736436916945928610e-01
1.700000000000000000e+01 8.215171444299461390e-02 9.745494067566343732e-01
1.700000000000000000e+01 8.014115623653218778e-02 9.761796938683090508e-01
1.700000000000000000e+01 7.847877263183639096e-02 9.769042659179422161e-01
1.700000000000000000e+01 7.759126378106630251e-02 9.761796938683090508e-01
1.700000000000000000e+01 7.884013960039408520e-02 9.750022642876551293e-01
1.700000000000000000e+01 8.094210838501778027e-02 9.745494067566343732e-01
1.800000000000000000e+01 2.815464139768040219e-01 9.276333665428856401e-01
1.800000000000000000e+01 1.816722855859613239e-01 9.442985236844488872e-01
1.800000000000000000e+01 1.424324046372651698e-01 9.552576759351507629e-01
1.800000000000000000e+01 1.331596181109442334e-01 9.571596775654379607e-01
1.800000000000000000e+01 1.241646048877970560e-01 9.608731093198079609e-01
1.800000000000000000e+01 1.194964795486940096e-01 9.599673942577665597e-01
1.800000000000000000e+01 1.120613645074682169e-01 9.615071098632370639e-01
1.800000000000000000e+01 1.118345308524998083e-01 9.647676840865863079e-01
1.800000000000000000e+01 1.008373719609849672e-01 9.682999728285481833e-01
1.800000000000000000e+01 1.054261862708298358e-01 9.658545421610361670e-01
1.800000000000000000e+01 9.756619187477426347e-02 9.696585454216103406e-01
1.800000000000000000e+01 9.478839043311655665e-02 9.709265465084684354e-01
1.800000000000000000e+01 1.024878893671556240e-01 9.656733991486278201e-01
1.800000000000000000e+01 1.081664854787222352e-01 9.635902545059323865e-01
1.800000000000000000e+01 8.682687846877945592e-02 9.739154062132052703e-01
1.900000000000000000e+01 1.879143959753212245e-01 9.423965220541618004e-01
1.900000000000000000e+01 1.363226305797692051e-01 9.594239652205416302e-01
1.900000000000000000e+01 1.194240251813880049e-01 9.624128249252784650e-01
1.900000000000000000e+01 1.046321451111023870e-01 9.683905443347522457e-01
1.900000000000000000e+01 1.012459167150711464e-01 9.674848292727108445e-01
1.900000000000000000e+01 9.495924651179836473e-02 9.695679739154061672e-01
1.900000000000000000e+01 9.281384011486863705e-02 9.702925459650394435e-01
1.900000000000000000e+01 9.583862105883363125e-02 9.669414002354859150e-01
1.900000000000000000e+01 8.594452380170829187e-02 9.741871207318177905e-01
1.900000000000000000e+01 8.967012554871188479e-02 9.722851191015307037e-01
1.900000000000000000e+01 8.246834276425137056e-02 9.739154062132052703e-01
1.900000000000000000e+01 7.816807389119471983e-02 9.766325513993298069e-01
1.900000000000000000e+01 8.349281448621760637e-02 9.743682637442260264e-01
1.900000000000000000e+01 7.451580097182487761e-02 9.768136944117380427e-01
1.900000000000000000e+01 8.368995992503773518e-02 9.733719771759804518e-01
2.000000000000000000e+01 2.618581970655498581e-01 9.296259396793769003e-01
2.000000000000000000e+01 1.743460309178493095e-01 9.451136672402862260e-01
2.000000000000000000e+01 1.527933050053879305e-01 9.525405307490263374e-01
2.000000000000000000e+01 1.497372699101579552e-01 9.536273888234760854e-01
2.000000000000000000e+01 1.338843417860029195e-01 9.577936781088669527e-01
2.000000000000000000e+01 1.291902094297474324e-01 9.590616791957250475e-01
2.000000000000000000e+01 1.075029413999185057e-01 9.654016846300154109e-01
2.000000000000000000e+01 1.272904943485198281e-01 9.517253871931889986e-01
2.000000000000000000e+01 1.102018368948701199e-01 9.600579657639706221e-01
2.000000000000000000e+01 1.066224189898074132e-01 9.615071098632370639e-01
2.000000000000000000e+01 9.880695549355929252e-02 9.634091114935241507e-01
2.000000000000000000e+01 9.042505086006974446e-02 9.706548319898560262e-01
2.000000000000000000e+01 8.686776589624203848e-02 9.735531201883886876e-01
2.000000000000000000e+01 8.713353472513769848e-02 9.727379766325513488e-01
2.000000000000000000e+01 8.995332539261230442e-02 9.696585454216103406e-01
2.100000000000000000e+01 2.164257036896353459e-01 9.391359478308124453e-01
2.100000000000000000e+01 1.497412267390531571e-01 9.564351055158046844e-01
2.100000000000000000e+01 1.324358868091317365e-01 9.593333937143374568e-01
2.100000000000000000e+01 1.145483033691744174e-01 9.645865410741780721e-01
2.100000000000000000e+01 1.120686988608414342e-01 9.637713975183407333e-01
2.100000000000000000e+01 1.027490885896473610e-01 9.644053980617697253e-01
2.100000000000000000e+01 9.809294326493192551e-02 9.673942577665066711e-01
2.100000000000000000e+01 9.566891460235819877e-02 9.670319717416900884e-01
2.100000000000000000e+01 9.178448712568207379e-02 9.691151163843855221e-01
2.100000000000000000e+01 8.947718077795109581e-02 9.720134045829181835e-01
2.100000000000000000e+01 8.707372106934628542e-02 9.726474051263472864e-01
2.100000000000000000e+01 8.289599427776302154e-02 9.750022642876551293e-01
2.100000000000000000e+01 8.100060958823550317e-02 9.755456933248799478e-01
2.100000000000000000e+01 7.886668062978419158e-02 9.759079793496965305e-01
2.100000000000000000e+01 7.776253456737935998e-02 9.763608368807172866e-01
2.200000000000000000e+01 2.250571481746722613e-01 9.380490897563626973e-01
2.200000000000000000e+01 1.477771790625731219e-01 9.568879630468254405e-01
2.200000000000000000e+01 1.274588229905412318e-01 9.613259668508287170e-01
2.200000000000000000e+01 1.137659329085765336e-01 9.647676840865863079e-01
2.200000000000000000e+01 1.064855605314568021e-01 9.654922561362195843e-01
2.200000000000000000e+01 1.079809826672051415e-01 9.628656824562992211e-01
2.200000000000000000e+01 9.803883953989885047e-02 9.667602572230775682e-01
2.200000000000000000e+01 9.424509749809131809e-02 9.665791142106693323e-01
2.200000000000000000e+01 9.465392679599060610e-02 9.669414002354859150e-01
2.200000000000000000e+01 9.198460689771087440e-02 9.689339733719771752e-01
2.200000000000000000e+01 9.429452413965996871e-02 9.692056878905895845e-01
2.200000000000000000e+01 9.167407337642463627e-02 9.695679739154061672e-01
2.200000000000000000e+01 9.368768223278542417e-02 9.690245448781813487e-01
2.200000000000000000e+01 9.306507022074893276e-02 9.686622588533647660e-01
2.200000000000000000e+01 7.569403026174544025e-02 9.763608368807172866e-01
2.300000000000000000e+01 2.410711356468712152e-01 9.320713703468889166e-01
2.300000000000000000e+01 1.751714833942285277e-01 9.452042387464903994e-01
2.300000000000000000e+01 1.293648110157193387e-01 9.595145367267458036e-01
2.300000000000000000e+01 1.367616624090539079e-01 9.537179603296802588e-01
2.300000000000000000e+01 1.157580566410249395e-01 9.627751109500950477e-01
2.300000000000000000e+01 1.061495543793817692e-01 9.641336835431573160e-01
2.300000000000000000e+01 1.027154124933720436e-01 9.650393986051988282e-01
2.300000000000000000e+01 1.001513995264323442e-01 9.676659722851190804e-01
2.300000000000000000e+01 9.722150021616514370e-02 9.680282583099356630e-01
2.300000000000000000e+01 8.711552658801960392e-02 9.721039760891223569e-01
2.300000000000000000e+01 9.550360117194857390e-02 9.679376868037316006e-01
2.300000000000000000e+01 8.805783066936496983e-02 9.717416900643057742e-01
2.300000000000000000e+01 8.329589644421116212e-02 9.722851191015307037e-01
2.300000000000000000e+01 7.984860486999637019e-02 9.744588352504301998e-01
2.300000000000000000e+01 7.872173125227011070e-02 9.748211212752467825e-01
2.400000000000000000e+01 2.206367672739878161e-01 9.316185128158681605e-01
2.400000000000000000e+01 1.538318064659342510e-01 9.524499592428221639e-01
2.400000000000000000e+01 1.294989665458732286e-01 9.599673942577665597e-01
2.400000000000000000e+01 1.206962115375206507e-01 9.615976813694411263e-01
2.400000000000000000e+01 1.067375685296946958e-01 9.659451136672403404e-01
2.400000000000000000e+01 1.030071160778398554e-01 9.644053980617697253e-01
2.400000000000000000e+01 9.489776838272881432e-02 9.673036862603024977e-01
2.400000000000000000e+01 9.410701276567552676e-02 9.680282583099356630e-01
2.400000000000000000e+01 8.654461882883231205e-02 9.732814056697762783e-01
2.400000000000000000e+01 8.706768720368657233e-02 9.726474051263472864e-01
2.400000000000000000e+01 8.313456225699333846e-02 9.734625486821846252e-01
2.400000000000000000e+01 7.880949120573582656e-02 9.754551218186758854e-01
2.400000000000000000e+01 7.940690483300950897e-02 9.752739788062675386e-01
2.400000000000000000e+01 7.565062106705279510e-02 9.771759804365546254e-01
2.400000000000000000e+01 7.950954477852062441e-02 9.741871207318177905e-01
2.500000000000000000e+01 2.465583482989856801e-01 9.291730821483561442e-01
2.500000000000000000e+01 1.572166974620665125e-01 9.539896748482927791e-01
2.500000000000000000e+01 1.339259958080295243e-01 9.596051082329498660e-01
2.500000000000000000e+01 1.186631214114108740e-01 9.626845394438909853e-01
2.500000000000000000e+01 1.132656655597126666e-01 9.632279684811158038e-01
2.500000000000000000e+01 1.045032629730955759e-01 9.677565437913232538e-01
2.500000000000000000e+01 1.011290631133318491e-01 9.673036862603024977e-01
2.500000000000000000e+01 9.477774576073795532e-02 9.713794040394891915e-01
2.500000000000000000e+01 8.943208743329290888e-02 9.721945475953265303e-01
2.500000000000000000e+01 8.673880647736423311e-02 9.721945475953265303e-01
2.500000000000000000e+01 8.574529019746403302e-02 9.721039760891223569e-01
2.500000000000000000e+01 8.925609194194902840e-02 9.697491169278145140e-01
2.500000000000000000e+01 8.413482639901007087e-02 9.728285481387555222e-01
2.500000000000000000e+01 8.269156969325756890e-02 9.730096911511638691e-01
2.500000000000000000e+01 7.808464616820333382e-02 9.752739788062675386e-01
2.600000000000000000e+01 2.069541604411719582e-01 9.363282311384838463e-01
2.600000000000000000e+01 1.444093732704024580e-01 9.552576759351507629e-01
2.600000000000000000e+01 1.178994583557531617e-01 9.644053980617697253e-01
2.600000000000000000e+01 1.126595679823075152e-01 9.631373969749117414e-01
2.600000000000000000e+01 1.005668080844591000e-01 9.665791142106693323e-01
2.600000000000000000e+01 9.728945613891154531e-02 9.648582555927904814e-01
2.600000000000000000e+01 9.330909150520555473e-02 9.654016846300154109e-01
2.600000000000000000e+01 8.743117540218293959e-02 9.712888325332850181e-01
2.600000000000000000e+01 8.231432113867835632e-02 9.761796938683090508e-01
2.600000000000000000e+01 8.034041980692262219e-02 9.749116927814509559e-01
2.600000000000000000e+01 7.994230247401809542e-02 9.746399782628385466e-01
2.600000000000000000e+01 7.913305882453518236e-02 9.750022642876551293e-01
2.600000000000000000e+01 7.663307220343028303e-02 9.753645503124717120e-01
2.600000000000000000e+01 7.516882106589378720e-02 9.769042659179422161e-01
2.600000000000000000e+01 7.447018033772748180e-02 9.767231229055338693e-01
2.700000000000000000e+01 2.258453203867119286e-01 9.311656552848474044e-01
2.700000000000000000e+01 1.588621203162395856e-01 9.510008151435558332e-01
2.700000000000000000e+01 1.330986590451025686e-01 9.586993931709084649e-01
2.700000000000000000e+01 1.157196116974570227e-01 9.630468254687075680e-01
2.700000000000000000e+01 1.055167213776881108e-01 9.634996829997283241e-01
2.700000000000000000e+01 9.969037957264390015e-02 9.644959695679738987e-01
2.700000000000000000e+01 9.537515908414377630e-02 9.678471152975274272e-01
2.700000000000000000e+01 8.958119169988708330e-02 9.709265465084684354e-01
2.700000000000000000e+01 8.174211594691632721e-02 9.749116927814509559e-01
2.700000000000000000e+01 8.301392856399919529e-02 9.736436916945928610e-01
2.700000000000000000e+01 7.966758324473438568e-02 9.752739788062675386e-01
2.700000000000000000e+01 7.587339812805583839e-02 9.767231229055338693e-01
2.700000000000000000e+01 7.385154918101405341e-02 9.763608368807172866e-01
2.700000000000000000e+01 7.166523165807922591e-02 9.780816954985961376e-01
2.700000000000000000e+01 7.023092412123065065e-02 9.783534100172085468e-01
2.800000000000000000e+01 2.817446621771457771e-01 9.350602300516257515e-01
2.800000000000000000e+01 1.795489730588086530e-01 9.495516710442895025e-01
2.800000000000000000e+01 1.509205805918686916e-01 9.557105334661715190e-01
2.800000000000000000e+01 1.581259703967275720e-01 9.538085318358844322e-01
2.800000000000000000e+01 1.303533230940813470e-01 9.625939679376868119e-01
2.800000000000000000e+01 1.165150388491153904e-01 9.654922561362195843e-01
2.800000000000000000e+01 1.182627147802163686e-01 9.622316819128702292e-01
2.800000000000000000e+01 1.113778077694805302e-01 9.623222534190744026e-01
2.800000000000000000e+01 1.008832967814870113e-01 9.654922561362195843e-01
2.800000000000000000e+01 1.038546026362750230e-01 9.628656824562992211e-01
2.800000000000000000e+01 9.919365263036587776e-02 9.634091114935241507e-01
2.800000000000000000e+01 8.406392073419828581e-02 9.739154062132052703e-01
2.800000000000000000e+01 8.102977620653466218e-02 9.751834073000633651e-01
2.800000000000000000e+01 8.735070710671329064e-02 9.721039760891223569e-01
2.800000000000000000e+01 9.587606293469470853e-02 9.675754007789149069e-01
2.900000000000000000e+01 2.095787790835975939e-01 9.361470881260754995e-01
2.900000000000000000e+01 1.471177325283687387e-01 9.569785345530296139e-01
2.900000000000000000e+01 1.204590113709930466e-01 9.645865410741780721e-01
2.900000000000000000e+01 1.103833374387038629e-01 9.666696857168735058e-01
2.900000000000000000e+01 1.054773768638075232e-01 9.651299701114030016e-01
2.900000000000000000e+01 9.792597031935969254e-02 9.682094013223440099e-01
2.900000000000000000e+01 9.704683394166238597e-02 9.699302599402228608e-01
2.900000000000000000e+01 9.000188223608615590e-02 9.744588352504301998e-01
2.900000000000000000e+01 8.533406466593108919e-02 9.745494067566343732e-01
2.900000000000000000e+01 8.771780150371495666e-02 9.731002626573680425e-01
2.900000000000000000e+01 8.112505663075536555e-02 9.765419798931256334e-01
2.900000000000000000e+01 7.743556149048341775e-02 9.782628385110044844e-01
2.900000000000000000e+01 7.691352824018572731e-02 9.773571234489629722e-01
2.900000000000000000e+01 7.380652496676505525e-02 9.786251245358210671e-01
2.900000000000000000e+01 7.219951272114288887e-02 9.791685535730458856e-01
3.000000000000000000e+01 2.265001775937282025e-01 9.319807988406847432e-01
3.000000000000000000e+01 1.465430821929162852e-01 9.590616791957250475e-01
3.000000000000000000e+01 1.262561688003351335e-01 9.622316819128702292e-01
3.000000000000000000e+01 1.141439904271549788e-01 9.654016846300154109e-01
3.000000000000000000e+01 1.089862882525860083e-01 9.661262566796485762e-01
3.000000000000000000e+01 1.025686507215564647e-01 9.669414002354859150e-01
3.000000000000000000e+01 9.893735276641307808e-02 9.681188298161398365e-01
3.000000000000000000e+01 1.006195829719433027e-01 9.623222534190744026e-01
3.000000000000000000e+01 9.126277951844598280e-02 9.715605470518974274e-01
3.000000000000000000e+01 9.034436079738039638e-02 9.704736889774476793e-01
3.000000000000000000e+01 8.775419648329982336e-02 9.720134045829181835e-01
3.000000000000000000e+01 9.304135481176434297e-02 9.682094013223440099e-01
3.000000000000000000e+01 7.413624873703805740e-02 9.773571234489629722e-01
3.000000000000000000e+01 7.294046884419719268e-02 9.775382664613712080e-01
3.000000000000000000e+01 7.245459542545222564e-02 9.773571234489629722e-01
3.100000000000000000e+01 2.706089814497063539e-01 9.282673670863146320e-01
3.100000000000000000e+01 1.756438310070988773e-01 9.471968118829816596e-01
3.100000000000000000e+01 1.513076004412013120e-01 9.542613893669051883e-01
3.100000000000000000e+01 1.450769448996030164e-01 9.568879630468254405e-01
3.100000000000000000e+01 1.264654329924103093e-01 9.614165383570328904e-01
3.100000000000000000e+01 1.179980981522562866e-01 9.648582555927904814e-01
3.100000000000000000e+01 1.225706240357323923e-01 9.608731093198079609e-01
3.100000000000000000e+01 1.208298221519031601e-01 9.568879630468254405e-01
3.100000000000000000e+01 1.121248893103812677e-01 9.615976813694411263e-01
3.100000000000000000e+01 1.049268079838281825e-01 9.616882528756452997e-01
3.100000000000000000e+01 9.951242040713874359e-02 9.664885427044651589e-01
3.100000000000000000e+01 1.002632789775349947e-01 9.651299701114030016e-01
3.100000000000000000e+01 8.316853782115646299e-02 9.763608368807172866e-01
3.100000000000000000e+01 7.793267369738109129e-02 9.774476949551671456e-01
3.100000000000000000e+01 8.210747874313568950e-02 9.749116927814509559e-01
3.200000000000000000e+01 1.868970313240657377e-01 9.464722398333483833e-01
3.200000000000000000e+01 1.317911012042655150e-01 9.634996829997283241e-01
3.200000000000000000e+01 1.141811721822984099e-01 9.679376868037316006e-01
3.200000000000000000e+01 1.038462268546212763e-01 9.693868309029979313e-01
3.200000000000000000e+01 1.018824960409368402e-01 9.686622588533647660e-01
3.200000000000000000e+01 9.962785352355109370e-02 9.682999728285481833e-01
3.200000000000000000e+01 9.374072320719122053e-02 9.694774024092021047e-01
3.200000000000000000e+01 9.075050356186960265e-02 9.708359750022642620e-01
3.200000000000000000e+01 8.967183147183864500e-02 9.718322615705099476e-01
3.200000000000000000e+01 9.099545341958788225e-02 9.699302599402228608e-01
3.200000000000000000e+01 8.391884808500270354e-02 9.740965492256136171e-01
3.200000000000000000e+01 8.443838640759468439e-02 9.740059777194094437e-01
3.200000000000000000e+01 8.041703823302552567e-02 9.761796938683090508e-01
3.200000000000000000e+01 7.843592571182575468e-02 9.765419798931256334e-01
3.200000000000000000e+01 7.793642213597201662e-02 9.763608368807172866e-01
3.300000000000000000e+01 1.800986948211632521e-01 9.484648129698396435e-01
3.300000000000000000e+01 1.302389716207575099e-01 9.619599673942578200e-01
3.300000000000000000e+01 1.110059464471483542e-01 9.659451136672403404e-01
3.300000000000000000e+01 9.996991136434887903e-02 9.676659722851190804e-01
3.300000000000000000e+01 9.264530984672753045e-02 9.701114029526310967e-01
3.300000000000000000e+01 9.095985773186471279e-02 9.706548319898560262e-01
3.300000000000000000e+01 9.002605748750193426e-02 9.692056878905895845e-01
3.300000000000000000e+01 8.383224359466003028e-02 9.738248347070012079e-01
3.300000000000000000e+01 8.125305385504054401e-02 9.748211212752467825e-01
3.300000000000000000e+01 7.871394048308942570e-02 9.765419798931256334e-01
3.300000000000000000e+01 7.729346592696911822e-02 9.764514083869214600e-01
3.300000000000000000e+01 7.546326028122316010e-02 9.766325513993298069e-01
3.300000000000000000e+01 7.479784613184478625e-02 9.769042659179422161e-01
3.300000000000000000e+01 7.898310515176544533e-02 9.745494067566343732e-01
3.300000000000000000e+01 7.223587119006694146e-02 9.773571234489629722e-01
3.400000000000000000e+01 1.972280519546669997e-01 9.448419527216738167e-01
3.400000000000000000e+01 1.353543738247564576e-01 9.606919663073997251e-01
3.400000000000000000e+01 1.151586934629719589e-01 9.655828276424236467e-01
3.400000000000000000e+01 1.080028068311221640e-01 9.663073996920569231e-01
3.400000000000000000e+01 9.821041561818834309e-02 9.690245448781813487e-01
3.400000000000000000e+01 9.451118187784618430e-02 9.693868309029979313e-01
3.400000000000000000e+01 8.964868184401746098e-02 9.700208314464269233e-01
3.400000000000000000e+01 8.515268272192882959e-02 9.744588352504301998e-01
3.400000000000000000e+01 8.276764384210996695e-02 9.747305497690426090e-01
3.400000000000000000e+01 7.925932450540000562e-02 9.757268363372882947e-01
3.400000000000000000e+01 7.728044721113466742e-02 9.765419798931256334e-01
3.400000000000000000e+01 7.877190640432528423e-02 9.757268363372882947e-01
3.400000000000000000e+01 7.719444256005129901e-02 9.759985508559007039e-01
3.400000000000000000e+01 7.465243684761242726e-02 9.763608368807172866e-01
3.400000000000000000e+01 7.727831190663829453e-02 9.759079793496965305e-01
3.500000000000000000e+01 2.141627478507223403e-01 9.409473779548953587e-01
3.500000000000000000e+01 1.577338988679520271e-01 9.510913866497600067e-01
3.500000000000000000e+01 1.223508642512200484e-01 9.637713975183407333e-01
3.500000000000000000e+01 1.202151588913144969e-01 9.605108232949913782e-01
3.500000000000000000e+01 1.103931209535686520e-01 9.653111131238112375e-01
3.500000000000000000e+01 1.073209250542863230e-01 9.641336835431573160e-01
3.500000000000000000e+01 1.090426357822203707e-01 9.606013948011955517e-01
3.500000000000000000e+01 9.468697687171909183e-02 9.715605470518974274e-01
3.500000000000000000e+01 9.340069110826189347e-02 9.700208314464269233e-01
3.500000000000000000e+01 8.626225663139970579e-02 9.752739788062675386e-01
3.500000000000000000e+01 9.143941188598667114e-02 9.702925459650394435e-01
3.500000000000000000e+01 9.535910904790326215e-02 9.661262566796485762e-01
3.500000000000000000e+01 1.013224451327524867e-01 9.657639706548319936e-01
3.500000000000000000e+01 8.093879118612982981e-02 9.752739788062675386e-01
3.500000000000000000e+01 8.363634388086552129e-02 9.717416900643057742e-01
3.600000000000000000e+01 2.224161541438333389e-01 9.407662349424871229e-01
3.600000000000000000e+01 1.421185309320904810e-01 9.570691060592337873e-01
3.600000000000000000e+01 1.189758551078540366e-01 9.640431120369531426e-01
3.600000000000000000e+01 1.090736772024746976e-01 9.657639706548319936e-01
3.600000000000000000e+01 1.026609005033613103e-01 9.659451136672403404e-01
3.600000000000000000e+01 9.890219720034797157e-02 9.667602572230775682e-01
3.600000000000000000e+01 1.031254475488123656e-01 9.630468254687075680e-01
3.600000000000000000e+01 9.805397598718942898e-02 9.643148265555656629e-01
3.600000000000000000e+01 8.700918956749195687e-02 9.739154062132052703e-01
3.600000000000000000e+01 8.449436105101529315e-02 9.742776922380219640e-01
3.600000000000000000e+01 8.207877843497912718e-02 9.746399782628385466e-01
3.600000000000000000e+01 8.188386669224105574e-02 9.730096911511638691e-01
3.600000000000000000e+01 7.930934743381377883e-02 9.742776922380219640e-01
3.600000000000000000e+01 7.744922563087092149e-02 9.753645503124717120e-01
3.600000000000000000e+01 7.883901376477345235e-02 9.749116927814509559e-01
3.700000000000000000e+01 2.275342171844986494e-01 9.350602300516257515e-01
3.700000000000000000e+01 1.500403566199516869e-01 9.542613893669051883e-01
3.700000000000000000e+01 1.242958576722030528e-01 9.618693958880536465e-01
3.700000000000000000e+01 1.131296407380720515e-01 9.635902545059323865e-01
3.700000000000000000e+01 1.061901313045674339e-01 9.653111131238112375e-01
3.700000000000000000e+01 1.096281420065675499e-01 9.612353953446245436e-01
3.700000000000000000e+01 9.507536652111107933e-02 9.662168281858527497e-01
3.700000000000000000e+01 9.297046554453960998e-02 9.671225432478942619e-01
3.700000000000000000e+01 9.781902304309070262e-02 9.640431120369531426e-01
3.700000000000000000e+01 8.198092026561407120e-02 9.749116927814509559e-01
3.700000000000000000e+01 7.849895381299679120e-02 9.759079793496965305e-01
3.700000000000000000e+01 7.941315491873295052e-02 9.757268363372882947e-01
3.700000000000000000e+01 7.288981282405578022e-02 9.778099809799837283e-01
3.700000000000000000e+01 7.393610351550182480e-02 9.780816954985961376e-01
3.700000000000000000e+01 6.969677879469932114e-02 9.794402680916584059e-01
3.800000000000000000e+01 2.472117468620576575e-01 9.339733719771760034e-01
3.800000000000000000e+01 1.619180838997696104e-01 9.536273888234760854e-01
3.800000000000000000e+01 1.329437777307268531e-01 9.602391087763789690e-01
3.800000000000000000e+01 1.174492024278950553e-01 9.643148265555656629e-01
3.800000000000000000e+01 1.165417820791342512e-01 9.615976813694411263e-01
3.800000000000000000e+01 1.070115424509240909e-01 9.647676840865863079e-01
3.800000000000000000e+01 1.101160179637506731e-01 9.607825378136037875e-01
3.800000000000000000e+01 1.027521345338944098e-01 9.616882528756452997e-01
3.800000000000000000e+01 9.275267362321021336e-02 9.684811158409564191e-01
3.800000000000000000e+01 8.856258459463216270e-02 9.715605470518974274e-01
3.800000000000000000e+01 8.833763028557700681e-02 9.724662621139389396e-01
3.800000000000000000e+01 8.561367629171222349e-02 9.727379766325513488e-01
3.800000000000000000e+01 7.970035528046123807e-02 9.743682637442260264e-01
3.800000000000000000e+01 7.513888871819067450e-02 9.762702653745132242e-01
3.800000000000000000e+01 7.695945339005981489e-02 9.743682637442260264e-01
3.900000000000000000e+01 2.140488005291163731e-01 9.412190924735078790e-01
3.900000000000000000e+01 1.475913688628821274e-01 9.593333937143374568e-01
3.900000000000000000e+01 1.239351857183382394e-01 9.628656824562992211e-01
3.900000000000000000e+01 1.153295251893262652e-01 9.654922561362195843e-01
3.900000000000000000e+01 1.088966367126760482e-01 9.644959695679738987e-01
3.900000000000000000e+01 1.006142310964894537e-01 9.668508287292817416e-01
3.900000000000000000e+01 9.940466110429221902e-02 9.658545421610361670e-01
3.900000000000000000e+01 9.926844982215890512e-02 9.638619690245449068e-01
3.900000000000000000e+01 9.598574624230880870e-02 9.670319717416900884e-01
3.900000000000000000e+01 8.900755013003094906e-02 9.715605470518974274e-01
3.900000000000000000e+01 8.929101193108615608e-02 9.693868309029979313e-01
3.900000000000000000e+01 8.212523579676106467e-02 9.739154062132052703e-01
3.900000000000000000e+01 7.786260922633508885e-02 9.742776922380219640e-01
3.900000000000000000e+01 6.971420303196596002e-02 9.798931256226790509e-01
3.900000000000000000e+01 7.431194016561318283e-02 9.752739788062675386e-01
4.000000000000000000e+01 2.200077732215693915e-01 9.353319445702381607e-01
4.000000000000000000e+01 1.508138580185814370e-01 9.545331038855175976e-01
4.000000000000000000e+01 1.235057369238450886e-01 9.626845394438909853e-01
4.000000000000000000e+01 1.160874757469941565e-01 9.641336835431573160e-01
4.000000000000000000e+01 1.106364882009102379e-01 9.635902545059323865e-01
4.000000000000000000e+01 1.089427583116674703e-01 9.638619690245449068e-01
4.000000000000000000e+01 9.958917910757086878e-02 9.669414002354859150e-01
4.000000000000000000e+01 9.495431715817212459e-02 9.673942577665066711e-01
4.000000000000000000e+01 9.075056882391618895e-02 9.695679739154061672e-01
4.000000000000000000e+01 8.774462074101220532e-02 9.720134045829181835e-01
4.000000000000000000e+01 8.490538222611450359e-02 9.723756906077347661e-01
4.000000000000000000e+01 7.932381660768271503e-02 9.744588352504301998e-01
4.000000000000000000e+01 7.729189001743204390e-02 9.750022642876551293e-01
4.000000000000000000e+01 7.898534687222547035e-02 9.736436916945928610e-01
4.000000000000000000e+01 7.202044710701670238e-02 9.783534100172085468e-01
4.100000000000000000e+01 2.145074825502271409e-01 9.324336563717054993e-01
4.100000000000000000e+01 1.457409199765569707e-01 9.567068200344172046e-01
4.100000000000000000e+01 1.224352848918442288e-01 9.615976813694411263e-01
4.100000000000000000e+01 1.087592929060039737e-01 9.653111131238112375e-01
4.100000000000000000e+01 1.044805584719900177e-01 9.653111131238112375e-01
4.100000000000000000e+01 9.561557303348745818e-02 9.685716873471605926e-01
4.100000000000000000e+01 9.309775692614856435e-02 9.658545421610361670e-01
4.100000000000000000e+01 8.626652345121864351e-02 9.731908341635721049e-01
4.100000000000000000e+01 8.217102461027622762e-02 9.740965492256136171e-01
4.100000000000000000e+01 7.909139938001048808e-02 9.748211212752467825e-01
4.100000000000000000e+01 7.668440436535663152e-02 9.758174078434924681e-01
4.100000000000000000e+01 7.396768593364422273e-02 9.783534100172085468e-01
4.100000000000000000e+01 7.081429172167313935e-02 9.793496965854542324e-01
4.100000000000000000e+01 7.138096147357056442e-02 9.791685535730458856e-01
4.100000000000000000e+01 7.311879660854578300e-02 9.770854089303505630e-01
4.200000000000000000e+01 2.347630146827260622e-01 9.393170908432206812e-01
4.200000000000000000e+01 1.545359914524637723e-01 9.562539625033964485e-01
4.200000000000000000e+01 1.227582109512535963e-01 9.625939679376868119e-01
4.200000000000000000e+01 1.141023009864863963e-01 9.638619690245449068e-01
4.200000000000000000e+01 1.090903915797309665e-01 9.638619690245449068e-01
4.200000000000000000e+01 1.042323047458894869e-01 9.645865410741780721e-01
4.200000000000000000e+01 9.990927394468115952e-02 9.645865410741780721e-01
4.200000000000000000e+01 1.019536268718843619e-01 9.632279684811158038e-01
4.200000000000000000e+01 9.398027260969328556e-02 9.681188298161398365e-01
4.200000000000000000e+01 8.659249804372452786e-02 9.752739788062675386e-01
4.200000000000000000e+01 7.988305483592243739e-02 9.753645503124717120e-01
4.200000000000000000e+01 7.493167009945604640e-02 9.766325513993298069e-01
4.200000000000000000e+01 7.225931025604506730e-02 9.794402680916584059e-01
4.200000000000000000e+01 7.618378447686456612e-02 9.754551218186758854e-01
4.200000000000000000e+01 6.958737198714355643e-02 9.791685535730458856e-01
4.300000000000000000e+01 2.355710208350182411e-01 9.376868037315460036e-01
4.300000000000000000e+01 1.541923868006254417e-01 9.567068200344172046e-01
4.300000000000000000e+01 1.233963968046720289e-01 9.631373969749117414e-01
4.300000000000000000e+01 1.175888192089889900e-01 9.648582555927904814e-01
4.300000000000000000e+01 1.118644962804263010e-01 9.653111131238112375e-01
4.300000000000000000e+01 1.083270706791569921e-01 9.651299701114030016e-01
4.300000000000000000e+01 1.108039457895705904e-01 9.603296802825831424e-01
4.300000000000000000e+01 1.038980005579073634e-01 9.639525405307490802e-01
4.300000000000000000e+01 1.016194331374669357e-01 9.635902545059323865e-01
4.300000000000000000e+01 9.568911977170725669e-02 9.685716873471605926e-01
4.300000000000000000e+01 9.464416620868722207e-02 9.666696857168735058e-01
4.300000000000000000e+01 8.242347386129858511e-02 9.740965492256136171e-01
4.300000000000000000e+01 7.983787035933725962e-02 9.742776922380219640e-01
4.300000000000000000e+01 7.921399574215896855e-02 9.744588352504301998e-01
4.300000000000000000e+01 7.602737861422370624e-02 9.759079793496965305e-01
4.400000000000000000e+01 2.331822883930825818e-01 9.387736618059958627e-01
4.400000000000000000e+01 1.538110437071766035e-01 9.555293904537632832e-01
4.400000000000000000e+01 1.256186632988411378e-01 9.638619690245449068e-01
4.400000000000000000e+01 1.186740494875993951e-01 9.637713975183407333e-01
4.400000000000000000e+01 1.146012668423984776e-01 9.629562539625033946e-01
4.400000000000000000e+01 1.222658382387786236e-01 9.571596775654379607e-01
4.400000000000000000e+01 1.143993678408244535e-01 9.586993931709084649e-01
4.400000000000000000e+01 1.070196926395306780e-01 9.630468254687075680e-01
4.400000000000000000e+01 9.827188156535365815e-02 9.680282583099356630e-01
4.400000000000000000e+01 9.309799970898044452e-02 9.714699755456933650e-01
4.400000000000000000e+01 8.694467406077048544e-02 9.733719771759804518e-01
4.400000000000000000e+01 8.072281928949696927e-02 9.753645503124717120e-01
4.400000000000000000e+01 8.601716669742449917e-02 9.711076895208767823e-01
4.400000000000000000e+01 7.945170861953208818e-02 9.740059777194094437e-01
4.400000000000000000e+01 7.600626850819797165e-02 9.772665519427587988e-01
4.500000000000000000e+01 3.158895657725577233e-01 9.242822208133321116e-01
4.500000000000000000e+01 1.712210674628196760e-01 9.554388189475591098e-01
4.500000000000000000e+01 1.460335205462466590e-01 9.582465356398877088e-01
4.500000000000000000e+01 1.366381398938279479e-01 9.573408205778461966e-01
4.500000000000000000e+01 1.261787575977795783e-01 9.615071098632370639e-01
4.500000000000000000e+01 1.253458087760462025e-01 9.598768227515623863e-01
4.500000000000000000e+01 1.323780184601529575e-01 9.552576759351507629e-01
4.500000000000000000e+01 1.209114393799582271e-01 9.585182501585001180e-01
4.500000000000000000e+01 1.202823236382012245e-01 9.581559641336835353e-01
4.500000000000000000e+01 1.250028198026546522e-01 9.555293904537632832e-01
4.500000000000000000e+01 1.072168308008907278e-01 9.658545421610361670e-01
4.500000000000000000e+01 1.065209506362585490e-01 9.658545421610361670e-01
4.500000000000000000e+01 1.115125216870617164e-01 9.602391087763789690e-01
4.500000000000000000e+01 1.244814095012053146e-01 9.542613893669051883e-01
4.500000000000000000e+01 8.944496529136343466e-02 9.714699755456933650e-01
4.600000000000000000e+01 2.076065735371372956e-01 9.462910968209401474e-01
4.600000000000000000e+01 1.386341184764311452e-01 9.609636808260121343e-01
4.600000000000000000e+01 1.208436547869574385e-01 9.643148265555656629e-01
4.600000000000000000e+01 1.118445840170482486e-01 9.654922561362195843e-01
4.600000000000000000e+01 1.040146663664611587e-01 9.674848292727108445e-01
4.600000000000000000e+01 1.021140061931080784e-01 9.674848292727108445e-01
4.600000000000000000e+01 9.870113344123063182e-02 9.672131147540983243e-01
4.600000000000000000e+01 9.816307065774422524e-02 9.656733991486278201e-01
4.600000000000000000e+01 9.154318673813692520e-02 9.686622588533647660e-01
4.600000000000000000e+01 8.908956609663576387e-02 9.714699755456933650e-01
4.600000000000000000e+01 8.886107215792406200e-02 9.702925459650394435e-01
4.600000000000000000e+01 8.097758910765397167e-02 9.766325513993298069e-01
4.600000000000000000e+01 8.076878983616427032e-02 9.743682637442260264e-01
4.600000000000000000e+01 8.148795078062205655e-02 9.747305497690426090e-01
4.600000000000000000e+01 8.157057961946541369e-02 9.740059777194094437e-01
4.700000000000000000e+01 2.556610991446573444e-01 9.402228059052621933e-01
4.700000000000000000e+01 1.681104567515892823e-01 9.516348156869848252e-01
4.700000000000000000e+01 1.447713597797590235e-01 9.558011049723756924e-01
4.700000000000000000e+01 1.252982813128002137e-01 9.602391087763789690e-01
4.700000000000000000e+01 1.252502655929877973e-01 9.616882528756452997e-01
4.700000000000000000e+01 1.374599281227217584e-01 9.553482474413549363e-01
4.700000000000000000e+01 1.128797166378403410e-01 9.631373969749117414e-01
4.700000000000000000e+01 1.568842925289282986e-01 9.403133774114663668e-01
4.700000000000000000e+01 1.001018678156191943e-01 9.659451136672403404e-01
4.700000000000000000e+01 1.007114087312395573e-01 9.626845394438909853e-01
4.700000000000000000e+01 1.096293974964034079e-01 9.573408205778461966e-01
4.700000000000000000e+01 1.022705058039876519e-01 9.624128249252784650e-01
4.700000000000000000e+01 1.031606121206714854e-01 9.610542523322163078e-01
4.700000000000000000e+01 9.637317518735434574e-02 9.634091114935241507e-01
4.700000000000000000e+01 1.071297269800414315e-01 9.590616791957250475e-01
4.800000000000000000e+01 2.151406185502220403e-01 9.422153790417534536e-01
4.800000000000000000e+01 1.364258969167808366e-01 9.586993931709084649e-01
4.800000000000000000e+01 1.174877628152826703e-01 9.631373969749117414e-01
4.800000000000000000e+01 1.047493494200847086e-01 9.646771125803822455e-01
4.800000000000000000e+01 1.017567712482497638e-01 9.675754007789149069e-01
4.800000000000000000e+01 9.569113263332371111e-02 9.681188298161398365e-01
4.800000000000000000e+01 8.814649558378448435e-02 9.726474051263472864e-01
4.800000000000000000e+01 8.894931397680785889e-02 9.711982610270808447e-01
4.800000000000000000e+01 8.556508748069677206e-02 9.728285481387555222e-01
4.800000000000000000e+01 8.121637075967937103e-02 9.758174078434924681e-01
4.800000000000000000e+01 7.909455211373318806e-02 9.771759804365546254e-01
4.800000000000000000e+01 7.608726976548972620e-02 9.772665519427587988e-01
4.800000000000000000e+01 7.520710964041969759e-02 9.778099809799837283e-01
4.800000000000000000e+01 7.644386217117341009e-02 9.755456933248799478e-01
4.800000000000000000e+01 7.343293225959000858e-02 9.783534100172085468e-01
4.900000000000000000e+01 2.634469694334110046e-01 9.429399510913866189e-01
4.900000000000000000e+01 1.630614089241779474e-01 9.564351055158046844e-01
4.900000000000000000e+01 1.397874965215384624e-01 9.593333937143374568e-01
4.900000000000000000e+01 1.361765950163956740e-01 9.550765329227425271e-01
4.900000000000000000e+01 1.542234639220905201e-01 9.466533828457567301e-01
4.900000000000000000e+01 1.193085381795148253e-01 9.604202517887872048e-01
4.900000000000000000e+01 1.155518878993681692e-01 9.586088216647042914e-01
4.900000000000000000e+01 1.155919083299282585e-01 9.597862512453582129e-01
4.900000000000000000e+01 1.053641441704241538e-01 9.623222534190744026e-01
4.900000000000000000e+01 1.132548833401618021e-01 9.592428222081332834e-01
4.900000000000000000e+01 1.099281705424400568e-01 9.608731093198079609e-01
4.900000000000000000e+01 1.122816282306595692e-01 9.608731093198079609e-01
4.900000000000000000e+01 1.178846191970056856e-01 9.576125350964586058e-01
4.900000000000000000e+01 1.007182302648384348e-01 9.655828276424236467e-01
4.900000000000000000e+01 1.184899513013628336e-01 9.588805361833167007e-01
5.000000000000000000e+01 2.039940962753959697e-01 9.498233855629019118e-01
5.000000000000000000e+01 1.437375702423399348e-01 9.585182501585001180e-01
5.000000000000000000e+01 1.205789396345409575e-01 9.627751109500950477e-01
5.000000000000000000e+01 1.113368822557098681e-01 9.637713975183407333e-01
5.000000000000000000e+01 1.146216665746995073e-01 9.632279684811158038e-01
5.000000000000000000e+01 1.102929625488570237e-01 9.636808260121365599e-01
5.000000000000000000e+01 1.005681571839455585e-01 9.678471152975274272e-01
5.000000000000000000e+01 9.641938121235374415e-02 9.698396884340186874e-01
5.000000000000000000e+01 1.012825154517894705e-01 9.650393986051988282e-01
5.000000000000000000e+01 9.485591753559803607e-02 9.698396884340186874e-01
5.000000000000000000e+01 9.738240121214233880e-02 9.721945475953265303e-01
5.000000000000000000e+01 9.393552781958804110e-02 9.734625486821846252e-01
5.000000000000000000e+01 9.329144891927367012e-02 9.737342632007970344e-01
5.000000000000000000e+01 9.055560592519475149e-02 9.747305497690426090e-01
5.000000000000000000e+01 8.806875124787107156e-02 9.726474051263472864e-01
