0.000000000000000000e+00 3.314813576317025001e-01 8.760981795127252836e-01
0.000000000000000000e+00 3.093233547559474106e-01 8.802644687981161509e-01
0.000000000000000000e+00 3.044773199805629882e-01 8.821664704284032377e-01
0.000000000000000000e+00 3.046909923297432821e-01 8.840684720586903245e-01
0.000000000000000000e+00 2.985191452808286239e-01 8.838873290462820886e-01
0.000000000000000000e+00 2.961142949463085872e-01 8.859704736889774113e-01
0.000000000000000000e+00 2.966137369517694022e-01 8.858799021827733489e-01
0.000000000000000000e+00 2.932162930978358117e-01 8.866044742324065142e-01
0.000000000000000000e+00 2.915689184597755057e-01 8.880536183316728449e-01
0.000000000000000000e+00 2.891960313642410463e-01 8.900461914681641051e-01
0.000000000000000000e+00 2.891683971179144219e-01 8.881441898378770183e-01
0.000000000000000000e+00 2.909528728310684653e-01 8.878724753192646091e-01
0.000000000000000000e+00 2.878133155140110144e-01 8.908613350240014439e-01
0.000000000000000000e+00 2.887487006868001971e-01 8.886876188751019479e-01
0.000000000000000000e+00 2.862734633414691920e-01 8.909519065302056173e-01
1.000000000000000000e+00 1.988264333699992226e-01 9.298070826917851361e-01
1.000000000000000000e+00 1.513394858899593520e-01 9.476496694140023047e-01
1.000000000000000000e+00 1.377040134837218821e-01 9.522688162304139281e-01
1.000000000000000000e+00 1.348500929317120178e-01 9.511819581559641801e-01
1.000000000000000000e+00 1.314227522271747828e-01 9.546236753917217710e-01
1.000000000000000000e+00 1.252301218544186745e-01 9.567068200344172046e-01
1.000000000000000000e+00 1.224591565174500685e-01 9.576125350964586058e-01
1.000000000000000000e+00 1.216425667033416563e-01 9.557105334661715190e-01
1.000000000000000000e+00 1.199661497074465955e-01 9.571596775654379607e-01
1.000000000000000000e+00 1.188908049990481525e-01 9.586993931709084649e-01
1.000000000000000000e+00 1.248595482317406413e-01 9.538991033420886057e-01
1.000000000000000000e+00 1.208633711167793889e-01 9.548048184041300068e-01
1.000000000000000000e+00 1.147437789815634185e-01 9.590616791957250475e-01
1.000000000000000000e+00 1.141025154988197787e-01 9.606013948011955517e-01
1.000000000000000000e+00 1.227967551051583200e-01 9.551671044289467005e-01
2.000000000000000000e+00 1.882697301618484198e-01 9.507291006249434240e-01
2.000000000000000000e+00 1.213817087213276691e-01 9.627751109500950477e-01
2.000000000000000000e+00 1.113311478865362386e-01 9.648582555927904814e-01
2.000000000000000000e+00 1.116707754313960715e-01 9.636808260121365599e-01
2.000000000000000000e+00 1.051045185628684264e-01 9.652205416176070640e-01
2.000000000000000000e+00 1.036657064305654685e-01 9.654016846300154109e-01
2.000000000000000000e+00 1.000012459819908245e-01 9.663979711982609855e-01
2.000000000000000000e+00 9.632134810672410286e-02 9.684811158409564191e-01
2.000000000000000000e+00 9.623296413053916698e-02 9.669414002354859150e-01
2.000000000000000000e+00 9.340575654838778608e-02 9.692962593967937579e-01
2.000000000000000000e+00 9.420165694889116870e-02 9.685716873471605926e-01
2.000000000000000000e+00 9.214199217613185111e-02 9.692056878905895845e-01
2.000000000000000000e+00 9.706210599168650643e-02 9.662168281858527497e-01
2.000000000000000000e+00 9.257497207325433852e-02 9.685716873471605926e-01
2.000000000000000000e+00 9.337211845327489379e-02 9.679376868037316006e-01
3.000000000000000000e+00 1.413888892009420584e-01 9.579748211212752995e-01
3.000000000000000000e+00 1.050675580154539629e-01 9.677565437913232538e-01
3.000000000000000000e+00 1.007469276835332717e-01 9.692056878905895845e-01
3.000000000000000000e+00 9.411818589905583676e-02 9.701114029526310967e-01
3.000000000000000000e+00 9.246173435362593784e-02 9.712888325332850181e-01
3.000000000000000000e+00 9.084346002944158893e-02 9.721945475953265303e-01
3.000000000000000000e+00 8.802599730277947676e-02 9.721945475953265303e-01
3.000000000000000000e+00 8.664975434101504503e-02 9.715605470518974274e-01
3.000000000000000000e+00 8.437742749366620998e-02 9.727379766325513488e-01
3.000000000000000000e+00 8.342785559593481060e-02 9.730096911511638691e-01
3.000000000000000000e+00 7.991526371584521671e-02 9.749116927814509559e-01
3.000000000000000000e+00 8.022697611112190874e-02 9.750928357938593027e-01
3.000000000000000000e+00 8.026856047217990897e-02 9.738248347070012079e-01
3.000000000000000000e+00 7.918474184090833201e-02 9.752739788062675386e-01
3.000000000000000000e+00 7.747457882538583140e-02 9.762702653745132242e-01
4.000000000000000000e+00 1.410965020916697676e-01 9.586993931709084649e-01
4.000000000000000000e+00 1.138113279899385932e-01 9.625939679376868119e-01
4.000000000000000000e+00 9.455309141058727829e-02 9.710171180146726089e-01
4.000000000000000000e+00 9.210487596517331899e-02 9.726474051263472864e-01
4.000000000000000000e+00 8.835411732148280850e-02 9.723756906077347661e-01
4.000000000000000000e+00 8.570065106097664309e-02 9.741871207318177905e-01
4.000000000000000000e+00 8.212820888568048150e-02 9.750928357938593027e-01
4.000000000000000000e+00 8.113728154832679229e-02 9.748211212752467825e-01
4.000000000000000000e+00 8.107903243336474219e-02 9.761796938683090508e-01
4.000000000000000000e+00 7.733769830379623456e-02 9.767231229055338693e-01
4.000000000000000000e+00 7.581741588150013589e-02 9.772665519427587988e-01
4.000000000000000000e+00 7.882126189340128708e-02 9.755456933248799478e-01
4.000000000000000000e+00 7.546518616479885866e-02 9.772665519427587988e-01
4.000000000000000000e+00 7.493332524685696050e-02 9.777194094737795549e-01
4.000000000000000000e+00 7.396787768216347980e-02 9.772665519427587988e-01
5.000000000000000000e+00 1.309013968850069043e-01 9.625939679376868119e-01
5.000000000000000000e+00 9.944297211077139653e-02 9.685716873471605926e-01
5.000000000000000000e+00 9.277723729056243374e-02 9.714699755456933650e-01
5.000000000000000000e+00 8.880245401894386326e-02 9.717416900643057742e-01
5.000000000000000000e+00 9.364394344983317797e-02 9.701114029526310967e-01
5.000000000000000000e+00 8.452085908088380339e-02 9.731002626573680425e-01
5.000000000000000000e+00 8.049795260592292057e-02 9.755456933248799478e-01
5.000000000000000000e+00 7.777200283823289262e-02 9.759079793496965305e-01
5.000000000000000000e+00 7.618310593550428611e-02 9.774476949551671456e-01
5.000000000000000000e+00 7.586234931779096968e-02 9.766325513993298069e-01
5.000000000000000000e+00 7.532303855107645718e-02 9.765419798931256334e-01
5.000000000000000000e+00 7.441337110442335090e-02 9.784439815234127202e-01
5.000000000000000000e+00 7.388208582261780732e-02 9.778099809799837283e-01
5.000000000000000000e+00 7.408665551558094031e-02 9.781722670048003110e-01
5.000000000000000000e+00 7.533399339701149500e-02 9.774476949551671456e-01
6.000000000000000000e+00 1.369089751165873392e-01 9.610542523322163078e-01
6.000000000000000000e+00 1.031716333496586202e-01 9.690245448781813487e-01
6.000000000000000000e+00 9.873570869258221916e-02 9.697491169278145140e-01
6.000000000000000000e+00 9.036892781947258868e-02 9.725568336201431130e-01
6.000000000000000000e+00 8.587655235234639695e-02 9.748211212752467825e-01
6.000000000000000000e+00 8.402367241890651428e-02 9.748211212752467825e-01
6.000000000000000000e+00 8.159675635602196830e-02 9.767231229055338693e-01
6.000000000000000000e+00 7.930036581039881516e-02 9.753645503124717120e-01
6.000000000000000000e+00 8.034986326485091257e-02 9.767231229055338693e-01
6.000000000000000000e+00 7.719587333042347843e-02 9.765419798931256334e-01
6.000000000000000000e+00 7.744139150586336340e-02 9.758174078434924681e-01
6.000000000000000000e+00 7.417347998164472433e-02 9.766325513993298069e-01
6.000000000000000000e+00 7.309531654054038374e-02 9.782628385110044844e-01
6.000000000000000000e+00 7.461029876925093229e-02 9.769948374241463895e-01
6.000000000000000000e+00 7.261889096375834241e-02 9.786251245358210671e-01
7.000000000000000000e+00 1.329228342345951941e-01 9.597862512453582129e-01
7.000000000000000000e+00 1.064028043344103919e-01 9.659451136672403404e-01
7.000000000000000000e+00 8.971530571598154702e-02 9.724662621139389396e-01
7.000000000000000000e+00 8.959621018312106944e-02 9.731002626573680425e-01
7.000000000000000000e+00 8.276075123846880766e-02 9.751834073000633651e-01
7.000000000000000000e+00 7.951409761273854626e-02 9.762702653745132242e-01
7.000000000000000000e+00 7.687115155311789738e-02 9.766325513993298069e-01
7.000000000000000000e+00 7.465934601771939683e-02 9.778099809799837283e-01
7.000000000000000000e+00 7.431457264401485074e-02 9.773571234489629722e-01
7.000000000000000000e+00 7.261648679820631447e-02 9.782628385110044844e-01
7.000000000000000000e+00 7.195903155615693270e-02 9.790779820668418232e-01
7.000000000000000000e+00 7.312989362163085927e-02 9.784439815234127202e-01
7.000000000000000000e+00 7.154790571710734071e-02 9.785345530296168937e-01
7.000000000000000000e+00 7.122887183547962908e-02 9.788062675482293029e-01
7.000000000000000000e+00 6.966620313976479295e-02 9.795308395978624683e-01
8.000000000000000000e+00 1.307314978870021960e-01 9.630468254687075680e-01
8.000000000000000000e+00 9.609361479769620851e-02 9.720134045829181835e-01
8.000000000000000000e+00 8.915495232706611983e-02 9.728285481387555222e-01
8.000000000000000000e+00 8.969317603573004338e-02 9.715605470518974274e-01
8.000000000000000000e+00 8.485163788721464262e-02 9.733719771759804518e-01
8.000000000000000000e+00 8.938083445574679375e-02 9.698396884340186874e-01
8.000000000000000000e+00 7.974241917742071195e-02 9.759079793496965305e-01
8.000000000000000000e+00 7.637897410141909760e-02 9.774476949551671456e-01
8.000000000000000000e+00 7.482596145919823138e-02 9.778099809799837283e-01
8.000000000000000000e+00 7.814663483600747806e-02 9.761796938683090508e-01
8.000000000000000000e+00 7.502591784168224920e-02 9.770854089303505630e-01
8.000000000000000000e+00 7.323291931080817829e-02 9.784439815234127202e-01
8.000000000000000000e+00 7.229947693735330749e-02 9.788968390544334763e-01
8.000000000000000000e+00 7.190985074717543002e-02 9.784439815234127202e-01
8.000000000000000000e+00 7.708751527898101419e-02 9.776288379675753815e-01
9.000000000000000000e+00 2.141697336705518095e-01 9.475590979077982423e-01
9.000000000000000000e+00 1.304852397481776338e-01 9.571596775654379607e-01
9.000000000000000000e+00 1.028819118413307615e-01 9.690245448781813487e-01
9.000000000000000000e+00 9.080377924904796394e-02 9.720134045829181835e-01
9.000000000000000000e+00 8.375661373703868762e-02 9.756362648310841212e-01
9.000000000000000000e+00 7.952986515781142185e-02 9.751834073000633651e-01
9.000000000000000000e+00 8.762553748615148352e-02 9.712888325332850181e-01
9.000000000000000000e+00 7.638709585441333383e-02 9.773571234489629722e-01
9.000000000000000000e+00 7.383139354811513178e-02 9.779005524861877907e-01
9.000000000000000000e+00 7.453431437386870417e-02 9.773571234489629722e-01
9.000000000000000000e+00 7.317597438733561277e-02 9.785345530296168937e-01
9.000000000000000000e+00 7.457763138459992669e-02 9.769042659179422161e-01
9.000000000000000000e+00 7.362641052971546918e-02 9.765419798931256334e-01
9.000000000000000000e+00 7.676771059111575646e-02 9.759079793496965305e-01
9.000000000000000000e+00 7.418451272236396832e-02 9.776288379675753815e-01
1.000000000000000000e+01 1.381924876575133521e-01 9.592428222081332834e-01
1.000000000000000000e+01 1.078074823425683865e-01 9.643148265555656629e-01
1.000000000000000000e+01 9.857044493141466079e-02 9.681188298161398365e-01
1.000000000000000000e+01 9.167698622920500418e-02 9.706548319898560262e-01
1.000000000000000000e+01 8.587078661028481330e-02 9.738248347070012079e-01
1.000000000000000000e+01 8.201892674929464611e-02 9.761796938683090508e-01
1.000000000000000000e+01 8.372265997780320435e-02 9.737342632007970344e-01
1.000000000000000000e+01 7.864471477616830075e-02 9.769042659179422161e-01
1.000000000000000000e+01 7.522308101836304439e-02 9.780816954985961376e-01
1.000000000000000000e+01 7.547857502282356856e-02 9.769948374241463895e-01
1.000000000000000000e+01 7.346112175426071367e-02 9.779911239923919641e-01
1.000000000000000000e+01 7.319473234618961710e-02 9.776288379675753815e-01
1.000000000000000000e+01 7.289234839563918378e-02 9.783534100172085468e-01
1.000000000000000000e+01 7.168685292997291347e-02 9.784439815234127202e-01
1.000000000000000000e+01 7.266354430898232242e-02 9.784439815234127202e-01
1.100000000000000000e+01 1.359600333263967786e-01 9.586088216647042914e-01
1.100000000000000000e+01 1.050438978865205764e-01 9.678471152975274272e-01
1.100000000000000000e+01 9.528227301364444735e-02 9.708359750022642620e-01
1.100000000000000000e+01 9.148733053830279682e-02 9.712888325332850181e-01
1.100000000000000000e+01 8.491994248104198229e-02 9.742776922380219640e-01
1.100000000000000000e+01 8.211012987464753887e-02 9.742776922380219640e-01
1.100000000000000000e+01 7.877332018130582536e-02 9.766325513993298069e-01
1.100000000000000000e+01 7.780885468306321384e-02 9.764514083869214600e-01
1.100000000000000000e+01 7.450035219470399483e-02 9.777194094737795549e-01
1.100000000000000000e+01 7.486149593192421847e-02 9.767231229055338693e-01
1.100000000000000000e+01 7.451647613949879956e-02 9.782628385110044844e-01
1.100000000000000000e+01 7.165061218756842154e-02 9.783534100172085468e-01
1.100000000000000000e+01 7.294434539244606941e-02 9.789874105606376498e-01
1.100000000000000000e+01 7.092212386516595635e-02 9.789874105606376498e-01
1.100000000000000000e+01 7.129590307139346828e-02 9.791685535730458856e-01
1.200000000000000000e+01 1.404992301564413071e-01 9.545331038855175976e-01
1.200000000000000000e+01 1.031962613024584724e-01 9.662168281858527497e-01
1.200000000000000000e+01 9.640905003684738239e-02 9.699302599402228608e-01
1.200000000000000000e+01 8.860618864841468545e-02 9.725568336201431130e-01
1.200000000000000000e+01 8.919204987078663271e-02 9.707454034960600886e-01
1.200000000000000000e+01 8.188268980537710684e-02 9.748211212752467825e-01
1.200000000000000000e+01 7.853757617900145038e-02 9.766325513993298069e-01
1.200000000000000000e+01 7.597004903626795869e-02 9.775382664613712080e-01
1.200000000000000000e+01 7.376692306592719239e-02 9.777194094737795549e-01
1.200000000000000000e+01 7.543103916447801982e-02 9.774476949551671456e-01
1.200000000000000000e+01 7.112237085784021973e-02 9.791685535730458856e-01
1.200000000000000000e+01 7.183660973549520212e-02 9.785345530296168937e-01
1.200000000000000000e+01 7.200369813467691338e-02 9.783534100172085468e-01
1.200000000000000000e+01 7.003684483793518045e-02 9.801648401412915712e-01
1.200000000000000000e+01 7.054426807094862917e-02 9.794402680916584059e-01
1.300000000000000000e+01 1.355555918286999173e-01 9.619599673942578200e-01
1.300000000000000000e+01 1.022469713523349588e-01 9.680282583099356630e-01
1.300000000000000000e+01 9.459268451378395615e-02 9.711982610270808447e-01
1.300000000000000000e+01 8.905013095351746455e-02 9.739154062132052703e-01
1.300000000000000000e+01 8.549295954108268591e-02 9.748211212752467825e-01
1.300000000000000000e+01 8.137151608213616383e-02 9.750928357938593027e-01
1.300000000000000000e+01 7.752917649186630289e-02 9.773571234489629722e-01
1.300000000000000000e+01 7.520117669925185933e-02 9.778099809799837283e-01
1.300000000000000000e+01 7.500068594920383802e-02 9.778099809799837283e-01
1.300000000000000000e+01 7.365299819451227858e-02 9.770854089303505630e-01
1.300000000000000000e+01 7.267329589486967723e-02 9.785345530296168937e-01
1.300000000000000000e+01 7.167895828397498337e-02 9.788062675482293029e-01
1.300000000000000000e+01 7.146026528761052765e-02 9.792591250792500590e-01
1.300000000000000000e+01 7.229936468378432568e-02 9.783534100172085468e-01
1.300000000000000000e+01 7.086389636351696220e-02 9.796214111040666417e-01
1.400000000000000000e+01 1.299986495950593568e-01 9.583371071460918822e-01
1.400000000000000000e+01 9.897737545294885142e-02 9.678471152975274272e-01
1.400000000000000000e+01 9.612118798493415883e-02 9.696585454216103406e-01
1.400000000000000000e+01 8.528468885176895831e-02 9.742776922380219640e-01
1.400000000000000000e+01 8.181774340434970483e-02 9.750022642876551293e-01
1.400000000000000000e+01 7.788307969458076185e-02 9.765419798931256334e-01
1.400000000000000000e+01 7.634401244032662515e-02 9.769948374241463895e-01
1.400000000000000000e+01 7.390419029422794217e-02 9.781722670048003110e-01
1.400000000000000000e+01 7.300503702800401062e-02 9.785345530296168937e-01
1.400000000000000000e+01 7.258192423424865425e-02 9.779005524861877907e-01
1.400000000000000000e+01 7.247055948852289264e-02 9.788062675482293029e-01
1.400000000000000000e+01 7.166914516779573918e-02 9.795308395978624683e-01
1.400000000000000000e+01 7.061611517814099515e-02 9.792591250792500590e-01
1.400000000000000000e+01 7.075523328901368869e-02 9.787156960420251295e-01
1.400000000000000000e+01 7.004918725808979840e-02 9.801648401412915712e-01
1.500000000000000000e+01 1.534725610883435065e-01 9.586088216647042914e-01
1.500000000000000000e+01 1.021619441154542063e-01 9.695679739154061672e-01
1.500000000000000000e+01 9.442825851614998489e-02 9.713794040394891915e-01
1.500000000000000000e+01 9.679886242612728564e-02 9.681188298161398365e-01
1.500000000000000000e+01 8.723221200090830463e-02 9.733719771759804518e-01
1.500000000000000000e+01 8.418458612188453594e-02 9.740059777194094437e-01
1.500000000000000000e+01 8.119735148246791379e-02 9.758174078434924681e-01
1.500000000000000000e+01 7.915399838818940048e-02 9.757268363372882947e-01
1.500000000000000000e+01 7.689278580959778286e-02 9.772665519427587988e-01
1.500000000000000000e+01 7.558220910174552609e-02 9.771759804365546254e-01
1.500000000000000000e+01 7.533987423097199265e-02 9.777194094737795549e-01
1.500000000000000000e+01 7.492542360922604949e-02 9.769948374241463895e-01
1.500000000000000000e+01 7.396761204485292895e-02 9.777194094737795549e-01
1.500000000000000000e+01 7.199232892751689095e-02 9.801648401412915712e-01
1.500000000000000000e+01 7.082168643258686391e-02 9.791685535730458856e-01
1.600000000000000000e+01 1.507856183175770581e-01 9.549859614165383537e-01
1.600000000000000000e+01 1.014225952760661881e-01 9.687528303595688284e-01
1.600000000000000000e+01 9.272096981249106085e-02 9.713794040394891915e-01
1.600000000000000000e+01 8.821335783418067511e-02 9.732814056697762783e-01
1.600000000000000000e+01 8.319216603608500793e-02 9.747305497690426090e-01
1.600000000000000000e+01 8.130304146019851075e-02 9.768136944117380427e-01
1.600000000000000000e+01 8.070567268527741034e-02 9.753645503124717120e-01
1.600000000000000000e+01 7.882741877423418697e-02 9.750928357938593027e-01
1.600000000000000000e+01 7.601012397711391644e-02 9.775382664613712080e-01
1.600000000000000000e+01 7.473771613770070765e-02 9.771759804365546254e-01
1.600000000000000000e+01 7.472022172926794104e-02 9.779005524861877907e-01
1.600000000000000000e+01 7.283174134764261454e-02 9.780816954985961376e-01
1.600000000000000000e+01 7.268148307592890711e-02 9.785345530296168937e-01
1.600000000000000000e+01 7.298499506569502970e-02 9.777194094737795549e-01
1.600000000000000000e+01 7.171379356816499906e-02 9.785345530296168937e-01
1.700000000000000000e+01 1.341948014626074270e-01 9.610542523322163078e-01
1.700000000000000000e+01 1.003610937811838383e-01 9.693868309029979313e-01
1.700000000000000000e+01 9.760293714172335600e-02 9.693868309029979313e-01
1.700000000000000000e+01 8.814917006822142742e-02 9.729191196449596957e-01
1.700000000000000000e+01 8.729679681708157890e-02 9.723756906077347661e-01
1.700000000000000000e+01 8.281060444228599549e-02 9.750022642876551293e-01
1.700000000000000000e+01 8.129612234535790738e-02 9.748211212752467825e-01
1.700000000000000000e+01 7.724820289909588300e-02 9.766325513993298069e-01
1.700000000000000000e+01 7.695335614317533324e-02 9.767231229055338693e-01
1.700000000000000000e+01 7.358669115739796540e-02 9.770854089303505630e-01
1.700000000000000000e+01 7.293039824551142414e-02 9.786251245358210671e-01
1.700000000000000000e+01 7.180359541964943804e-02 9.787156960420251295e-01
1.700000000000000000e+01 7.532875278459756629e-02 9.769948374241463895e-01
1.700000000000000000e+01 7.132902251329267806e-02 9.795308395978624683e-01
1.700000000000000000e+01 7.095450251609472514e-02 9.794402680916584059e-01
1.800000000000000000e+01 1.375284715996866469e-01 9.594239652205416302e-01
1.800000000000000000e+01 9.992879216175640233e-02 9.685716873471605926e-01
1.800000000000000000e+01 9.087546144463420905e-02 9.729191196449596957e-01
1.800000000000000000e+01 8.805421132639131010e-02 9.732814056697762783e-01
1.800000000000000000e+01 8.486150302551458136e-02 9.737342632007970344e-01
1.800000000000000000e+01 8.729155323820020351e-02 9.720134045829181835e-01
1.800000000000000000e+01 8.390377902003386124e-02 9.741871207318177905e-01
1.800000000000000000e+01 7.416892123330436071e-02 9.786251245358210671e-01
1.800000000000000000e+01 7.335977738029865469e-02 9.797119826102708151e-01
1.800000000000000000e+01 7.222273869348631858e-02 9.784439815234127202e-01
1.800000000000000000e+01 7.096299653166139587e-02 9.791685535730458856e-01
1.800000000000000000e+01 7.278480332468366398e-02 9.786251245358210671e-01
1.800000000000000000e+01 7.164677519701474762e-02 9.785345530296168937e-01
1.800000000000000000e+01 7.412093086308185752e-02 9.783534100172085468e-01
1.800000000000000000e+01 6.960012612491661699e-02 9.796214111040666417e-01
1.900000000000000000e+01 1.440312741529130858e-01 9.548953899103341803e-01
1.900000000000000000e+01 1.022665437505626690e-01 9.682999728285481833e-01
1.900000000000000000e+01 9.446646059343515034e-02 9.707454034960600886e-01
1.900000000000000000e+01 8.622587273335984015e-02 9.737342632007970344e-01
1.900000000000000000e+01 8.023515796769419006e-02 9.758174078434924681e-01
1.900000000000000000e+01 7.836753893258860404e-02 9.767231229055338693e-01
1.900000000000000000e+01 7.354336661244802176e-02 9.775382664613712080e-01
1.900000000000000000e+01 7.192734650793219942e-02 9.781722670048003110e-01
1.900000000000000000e+01 7.141748261059473191e-02 9.785345530296168937e-01
1.900000000000000000e+01 7.020348724366223814e-02 9.794402680916584059e-01
1.900000000000000000e+01 6.875396397599051190e-02 9.796214111040666417e-01
1.900000000000000000e+01 6.924602098301597952e-02 9.794402680916584059e-01
1.900000000000000000e+01 7.035137006623513878e-02 9.788968390544334763e-01
1.900000000000000000e+01 6.819562663540523761e-02 9.800742686350873978e-01
1.900000000000000000e+01 6.906510044977516583e-02 9.799836971288832244e-01
2.000000000000000000e+01 1.407723243264424329e-01 9.557105334661715190e-01
2.000000000000000000e+01 9.969178732490600880e-02 9.706548319898560262e-01
2.000000000000000000e+01 8.993097726569702910e-02 9.724662621139389396e-01
2.000000000000000000e+01 8.809175642180105958e-02 9.726474051263472864e-01
2.000000000000000000e+01 8.165317630114203584e-02 9.747305497690426090e-01
2.000000000000000000e+01 7.863638065276512545e-02 9.760891223621048773e-01
2.000000000000000000e+01 7.912831320995171447e-02 9.753645503124717120e-01
2.000000000000000000e+01 7.416059179683086311e-02 9.776288379675753815e-01
2.000000000000000000e+01 7.297291765470807767e-02 9.781722670048003110e-01
2.000000000000000000e+01 7.150893128924502851e-02 9.790779820668418232e-01
2.000000000000000000e+01 7.241888947712334101e-02 9.781722670048003110e-01
2.000000000000000000e+01 7.180123603174624891e-02 9.794402680916584059e-01
2.000000000000000000e+01 7.213535318049636713e-02 9.786251245358210671e-01
2.000000000000000000e+01 6.989596636967534971e-02 9.790779820668418232e-01
2.000000000000000000e+01 7.066532926627111522e-02 9.781722670048003110e-01
2.100000000000000000e+01 1.646100807645600739e-01 9.529028167738429200e-01
2.100000000000000000e+01 1.099453390056283342e-01 9.661262566796485762e-01
2.100000000000000000e+01 9.507929680956302143e-02 9.718322615705099476e-01
2.100000000000000000e+01 8.949606913235999550e-02 9.716511185581016008e-01
2.100000000000000000e+01 8.412574568680281084e-02 9.750928357938593027e-01
2.100000000000000000e+01 7.982191795709361881e-02 9.762702653745132242e-01
2.100000000000000000e+01 7.948261692745757501e-02 9.752739788062675386e-01
2.100000000000000000e+01 7.422418630451338428e-02 9.769948374241463895e-01
2.100000000000000000e+01 7.251776073075195950e-02 9.779911239923919641e-01
2.100000000000000000e+01 7.040390145194604099e-02 9.791685535730458856e-01
2.100000000000000000e+01 6.966135402645784458e-02 9.784439815234127202e-01
2.100000000000000000e+01 7.350534938448320676e-02 9.769948374241463895e-01
2.100000000000000000e+01 6.910755256558809290e-02 9.788968390544334763e-01
2.100000000000000000e+01 6.841340307203401527e-02 9.805271261661081539e-01
2.100000000000000000e+01 6.760421496489198157e-02 9.808894121909247366e-01
2.200000000000000000e+01 1.558498018506005722e-01 9.542613893669051883e-01
2.200000000000000000e+01 1.086580472208689557e-01 9.655828276424236467e-01
2.200000000000000000e+01 9.749296185377448465e-02 9.712888325332850181e-01
2.200000000000000000e+01 9.066496899954337718e-02 9.732814056697762783e-01
2.200000000000000000e+01 8.727342360917236808e-02 9.737342632007970344e-01
2.200000000000000000e+01 8.056538356245665500e-02 9.765419798931256334e-01
2.200000000000000000e+01 8.043705783027622902e-02 9.760891223621048773e-01
2.200000000000000000e+01 7.650978588917135836e-02 9.764514083869214600e-01
2.200000000000000000e+01 7.658423256515023425e-02 9.761796938683090508e-01
2.200000000000000000e+01 7.314150251728664121e-02 9.783534100172085468e-01
2.200000000000000000e+01 7.629679375071442282e-02 9.766325513993298069e-01
2.200000000000000000e+01 7.089560569365632725e-02 9.784439815234127202e-01
2.200000000000000000e+01 7.107089811399876222e-02 9.777194094737795549e-01
2.200000000000000000e+01 7.332452310478186630e-02 9.774476949551671456e-01
2.200000000000000000e+01 7.261354482238778496e-02 9.765419798931256334e-01
2.300000000000000000e+01 2.162165428452707538e-01 9.486459559822479903e-01
2.300000000000000000e+01 1.281014369360570504e-01 9.604202517887872048e-01
2.300000000000000000e+01 1.227074241703469404e-01 9.563445340096006220e-01
2.300000000000000000e+01 1.156936189610841131e-01 9.598768227515623863e-01
2.300000000000000000e+01 1.108949224040879089e-01 9.666696857168735058e-01
2.300000000000000000e+01 8.895826462286171576e-02 9.717416900643057742e-01
2.300000000000000000e+01 8.680999523364729686e-02 9.731908341635721049e-01
2.300000000000000000e+01 8.510776991112745105e-02 9.721039760891223569e-01
2.300000000000000000e+01 8.743451063108939603e-02 9.691151163843855221e-01
2.300000000000000000e+01 8.358121579813580782e-02 9.705642604836518528e-01
2.300000000000000000e+01 8.725007500993368914e-02 9.690245448781813487e-01
2.300000000000000000e+01 9.071404172153169077e-02 9.669414002354859150e-01
2.300000000000000000e+01 8.171787288149119644e-02 9.722851191015307037e-01
2.300000000000000000e+01 8.322626393975099401e-02 9.711982610270808447e-01
2.300000000000000000e+01 8.523599937485237810e-02 9.693868309029979313e-01
2.400000000000000000e+01 2.176905264543187724e-01 9.448419527216738167e-01
2.400000000000000000e+01 1.417743502101951325e-01 9.533556743048636761e-01
2.400000000000000000e+01 1.170143900108121665e-01 9.625033964314826385e-01
2.400000000000000000e+01 1.125619214867508294e-01 9.601485372701747956e-01
2.400000000000000000e+01 1.077563732634669591e-01 9.616882528756452997e-01
2.400000000000000000e+01 9.474998136151775718e-02 9.686622588533647660e-01
2.400000000000000000e+01 9.593966309388042568e-02 9.665791142106693323e-01
2.400000000000000000e+01 8.914292532820643211e-02 9.696585454216103406e-01
2.400000000000000000e+01 8.474920457120903305e-02 9.721039760891223569e-01
2.400000000000000000e+01 8.112566865446922681e-02 9.744588352504301998e-01
2.400000000000000000e+01 8.810495633690303141e-02 9.702925459650394435e-01
2.400000000000000000e+01 8.843671855557355688e-02 9.693868309029979313e-01
2.400000000000000000e+01 8.706173723150480159e-02 9.710171180146726089e-01
2.400000000000000000e+01 8.003230908011188527e-02 9.754551218186758854e-01
2.400000000000000000e+01 8.161127939240434004e-02 9.738248347070012079e-01
2.500000000000000000e+01 1.401053978904228670e-01 9.590616791957250475e-01
2.500000000000000000e+01 1.098213746132769841e-01 9.682094013223440099e-01
2.500000000000000000e+01 9.551139881870363002e-02 9.716511185581016008e-01
2.500000000000000000e+01 8.728525053177844939e-02 9.740059777194094437e-01
2.500000000000000000e+01 8.750468437193129057e-02 9.740965492256136171e-01
2.500000000000000000e+01 8.087008055902564219e-02 9.767231229055338693e-01
2.500000000000000000e+01 7.706236858266793388e-02 9.778099809799837283e-01
2.500000000000000000e+01 7.526732064056752824e-02 9.779005524861877907e-01
2.500000000000000000e+01 7.436373608935671620e-02 9.800742686350873978e-01
2.500000000000000000e+01 7.235345467288374632e-02 9.794402680916584059e-01
2.500000000000000000e+01 7.250564167536117932e-02 9.798025541164749885e-01
2.500000000000000000e+01 7.196306697177444478e-02 9.802554116474957446e-01
2.500000000000000000e+01 7.408171947569471005e-02 9.777194094737795549e-01
2.500000000000000000e+01 7.277173407967882368e-02 9.788968390544334763e-01
2.500000000000000000e+01 7.390171620948388087e-02 9.788968390544334763e-01
2.600000000000000000e+01 1.692354290769705616e-01 9.486459559822479903e-01
2.600000000000000000e+01 1.083083951340801376e-01 9.684811158409564191e-01
2.600000000000000000e+01 8.979026629636072121e-02 9.735531201883886876e-01
2.600000000000000000e+01 8.170854273136533841e-02 9.769042659179422161e-01
2.600000000000000000e+01 7.947933662397796417e-02 9.765419798931256334e-01
2.600000000000000000e+01 7.618243889837568450e-02 9.785345530296168937e-01
2.600000000000000000e+01 7.251664291229575898e-02 9.794402680916584059e-01
2.600000000000000000e+01 7.082412553972733393e-02 9.803459831536998070e-01
2.600000000000000000e+01 7.113424397360892937e-02 9.789874105606376498e-01
2.600000000000000000e+01 6.885779295524825649e-02 9.805271261661081539e-01
2.600000000000000000e+01 6.864454441983224020e-02 9.806176976723123273e-01
2.600000000000000000e+01 6.884566911589323768e-02 9.814328412281496661e-01
2.600000000000000000e+01 6.707541933139075929e-02 9.807988406847205631e-01
2.600000000000000000e+01 6.803801237960900583e-02 9.812516982157413192e-01
2.600000000000000000e+01 6.559646561777521256e-02 9.823385562901910673e-01
2.700000000000000000e+01 1.588143877900773382e-01 9.532651027986595027e-01
2.700000000000000000e+01 1.047097978398577739e-01 9.687528303595688284e-01
2.700000000000000000e+01 9.174592854679522458e-02 9.735531201883886876e-01
2.700000000000000000e+01 8.871380278343377057e-02 9.722851191015307037e-01
2.700000000000000000e+01 7.861831376860754783e-02 9.770854089303505630e-01
2.700000000000000000e+01 7.922490157458740578e-02 9.772665519427587988e-01
2.700000000000000000e+01 7.446654644009342849e-02 9.792591250792500590e-01
2.700000000000000000e+01 7.224281888282212127e-02 9.802554116474957446e-01
2.700000000000000000e+01 7.263717123926240193e-02 9.798931256226790509e-01
2.700000000000000000e+01 6.810569537489691294e-02 9.817045557467620753e-01
2.700000000000000000e+01 6.901026815425127803e-02 9.805271261661081539e-01
2.700000000000000000e+01 6.721724669059372936e-02 9.820668417715786580e-01
2.700000000000000000e+01 6.837736520581109978e-02 9.802554116474957446e-01
2.700000000000000000e+01 6.792883513572520182e-02 9.805271261661081539e-01
2.700000000000000000e+01 6.614130066803713959e-02 9.818856987591703112e-01
2.800000000000000000e+01 1.514862360236174654e-01 9.511819581559641801e-01
2.800000000000000000e+01 1.062452464071757946e-01 9.677565437913232538e-01
2.800000000000000000e+01 9.866453105705257076e-02 9.698396884340186874e-01
2.800000000000000000e+01 8.818357942761902157e-02 9.731002626573680425e-01
2.800000000000000000e+01 8.063262935344897575e-02 9.764514083869214600e-01
2.800000000000000000e+01 7.962050520847954727e-02 9.750022642876551293e-01
2.800000000000000000e+01 7.891626704643039947e-02 9.759079793496965305e-01
2.800000000000000000e+01 7.414442610810469125e-02 9.798025541164749885e-01
2.800000000000000000e+01 7.118083273480722839e-02 9.810705552033330834e-01
2.800000000000000000e+01 7.170880773332125036e-02 9.791685535730458856e-01
2.800000000000000000e+01 7.113993030048336441e-02 9.809799836971289100e-01
2.800000000000000000e+01 7.108516859025287848e-02 9.802554116474957446e-01
2.800000000000000000e+01 7.122710495183133539e-02 9.791685535730458856e-01
2.800000000000000000e+01 6.897012976908320492e-02 9.801648401412915712e-01
2.800000000000000000e+01 6.881432549633875739e-02 9.805271261661081539e-01
2.900000000000000000e+01 1.585566675232314426e-01 9.474685264015940689e-01
2.900000000000000000e+01 1.067243873407205668e-01 9.667602572230775682e-01
2.900000000000000000e+01 9.704602440050659473e-02 9.692962593967937579e-01
2.900000000000000000e+01 8.865869286994246257e-02 9.714699755456933650e-01
2.900000000000000000e+01 9.350557093279196486e-02 9.669414002354859150e-01
2.900000000000000000e+01 7.839243511924187668e-02 9.750928357938593027e-01
2.900000000000000000e+01 7.632950093832187310e-02 9.741871207318177905e-01
2.900000000000000000e+01 7.501144171942666916e-02 9.781722670048003110e-01
2.900000000000000000e+01 7.196407943649188454e-02 9.787156960420251295e-01
2.900000000000000000e+01 7.117779560401651939e-02 9.782628385110044844e-01
2.900000000000000000e+01 7.000903540119635116e-02 9.789874105606376498e-01
2.900000000000000000e+01 6.982146789644315399e-02 9.795308395978624683e-01
2.900000000000000000e+01 6.880858953418378388e-02 9.790779820668418232e-01
2.900000000000000000e+01 6.734019522642287203e-02 9.807082691785163897e-01
2.900000000000000000e+01 6.730438254186042746e-02 9.804365546599039805e-01
3.000000000000000000e+01 1.704391720084567907e-01 9.481025269450230608e-01
3.000000000000000000e+01 1.148163371422866591e-01 9.651299701114030016e-01
3.000000000000000000e+01 1.027211531436751785e-01 9.669414002354859150e-01
3.000000000000000000e+01 1.004556525219705426e-01 9.651299701114030016e-01
3.000000000000000000e+01 9.008954748991038208e-02 9.703831174712435059e-01
3.000000000000000000e+01 8.962970480779473836e-02 9.695679739154061672e-01
3.000000000000000000e+01 8.342789708458676901e-02 9.731002626573680425e-01
3.000000000000000000e+01 8.150508363076473806e-02 9.739154062132052703e-01
3.000000000000000000e+01 7.919809863622073731e-02 9.751834073000633651e-01
3.000000000000000000e+01 7.832948112392552897e-02 9.732814056697762783e-01
3.000000000000000000e+01 7.590774915498534059e-02 9.767231229055338693e-01
3.000000000000000000e+01 7.567249735903180952e-02 9.766325513993298069e-01
3.000000000000000000e+01 7.337231325153394101e-02 9.782628385110044844e-01
3.000000000000000000e+01 7.327749182364419467e-02 9.783534100172085468e-01
3.000000000000000000e+01 7.569937737863685623e-02 9.775382664613712080e-01
3.100000000000000000e+01 1.835687181287883607e-01 9.432116656099991392e-01
3.100000000000000000e+01 1.213470664717943570e-01 9.610542523322163078e-01
3.100000000000000000e+01 1.069846147630583444e-01 9.654922561362195843e-01
3.100000000000000000e+01 9.893122503931536804e-02 9.681188298161398365e-01
3.100000000000000000e+01 9.467636150474419143e-02 9.693868309029979313e-01
3.100000000000000000e+01 8.538895974474469686e-02 9.741871207318177905e-01
3.100000000000000000e+01 9.067882441501025348e-02 9.707454034960600886e-01
3.100000000000000000e+01 8.428959525646359530e-02 9.725568336201431130e-01
3.100000000000000000e+01 8.300072054896012741e-02 9.733719771759804518e-01
3.100000000000000000e+01 7.783299332541061821e-02 9.765419798931256334e-01
3.100000000000000000e+01 7.587196483652716705e-02 9.761796938683090508e-01
3.100000000000000000e+01 7.409158499861337455e-02 9.771759804365546254e-01
3.100000000000000000e+01 7.518515780165706264e-02 9.756362648310841212e-01
3.100000000000000000e+01 7.313797400762685197e-02 9.773571234489629722e-01
3.100000000000000000e+01 7.185799575509263515e-02 9.774476949551671456e-01
3.200000000000000000e+01 1.753909567183478124e-01 9.431210941037949658e-01
3.200000000000000000e+01 1.311168058022448291e-01 9.568879630468254405e-01
3.200000000000000000e+01 1.108467468550773799e-01 9.640431120369531426e-01
3.200000000000000000e+01 1.036950130621245997e-01 9.645865410741780721e-01
3.200000000000000000e+01 8.845084201212828623e-02 9.718322615705099476e-01
3.200000000000000000e+01 8.599582002513744827e-02 9.728285481387555222e-01
3.200000000000000000e+01 8.075981826012812448e-02 9.743682637442260264e-01
3.200000000000000000e+01 7.665868782146612048e-02 9.771759804365546254e-01
3.200000000000000000e+01 7.366104418800273335e-02 9.779005524861877907e-01
3.200000000000000000e+01 7.316184127607353038e-02 9.773571234489629722e-01
3.200000000000000000e+01 7.049095486181294890e-02 9.791685535730458856e-01
3.200000000000000000e+01 7.110009496598618250e-02 9.785345530296168937e-01
3.200000000000000000e+01 7.140512115531447157e-02 9.779005524861877907e-01
3.200000000000000000e+01 6.889525167187139643e-02 9.789874105606376498e-01
3.200000000000000000e+01 7.021500539461186796e-02 9.782628385110044844e-01
3.300000000000000000e+01 2.511950374117082330e-01 9.401322343990580199e-01
3.300000000000000000e+01 1.396398030226054521e-01 9.575219635902545434e-01
3.300000000000000000e+01 1.144458731743728530e-01 9.649488270989946548e-01
3.300000000000000000e+01 1.022241291732223223e-01 9.700208314464269233e-01
3.300000000000000000e+01 9.693086075507206800e-02 9.699302599402228608e-01
3.300000000000000000e+01 9.437424276910644227e-02 9.717416900643057742e-01
3.300000000000000000e+01 9.569563808593464782e-02 9.664885427044651589e-01
3.300000000000000000e+01 8.593811063760818658e-02 9.711076895208767823e-01
3.300000000000000000e+01 8.134075680022637145e-02 9.728285481387555222e-01
3.300000000000000000e+01 8.725004012339510062e-02 9.691151163843855221e-01
3.300000000000000000e+01 8.651819272014128759e-02 9.693868309029979313e-01
3.300000000000000000e+01 8.207226253508886904e-02 9.725568336201431130e-01
3.300000000000000000e+01 7.905111979670775835e-02 9.744588352504301998e-01
3.300000000000000000e+01 7.275050543498207123e-02 9.792591250792500590e-01
3.300000000000000000e+01 7.534857441971963554e-02 9.762702653745132242e-01
3.400000000000000000e+01 1.874588857298847555e-01 9.442985236844488872e-01
3.400000000000000000e+01 1.332720560430665502e-01 9.558916764785798659e-01
3.400000000000000000e+01 1.105537304232344226e-01 9.642242550493614894e-01
3.400000000000000000e+01 9.970400829115591557e-02 9.690245448781813487e-01
3.400000000000000000e+01 8.933227032297391679e-02 9.712888325332850181e-01
3.400000000000000000e+01 8.744786060984113818e-02 9.710171180146726089e-01
3.400000000000000000e+01 8.022280790890669311e-02 9.740059777194094437e-01
3.400000000000000000e+01 7.888748604441379875e-02 9.748211212752467825e-01
3.400000000000000000e+01 7.715380658073166253e-02 9.752739788062675386e-01
3.400000000000000000e+01 7.669655753815725341e-02 9.758174078434924681e-01
3.400000000000000000e+01 7.691016201286013376e-02 9.753645503124717120e-01
3.400000000000000000e+01 7.509038051119026891e-02 9.763608368807172866e-01
3.400000000000000000e+01 7.352193353167155165e-02 9.766325513993298069e-01
3.400000000000000000e+01 7.324217735075026769e-02 9.767231229055338693e-01
3.400000000000000000e+01 7.170872639381957458e-02 9.778099809799837283e-01
3.500000000000000000e+01 2.183629458889259911e-01 9.302599402228058922e-01
3.500000000000000000e+01 1.384613711181941487e-01 9.522688162304139281e-01
3.500000000000000000e+01 1.087149232272681815e-01 9.645865410741780721e-01
3.500000000000000000e+01 9.723321613636343175e-02 9.684811158409564191e-01
3.500000000000000000e+01 9.363063585690330204e-02 9.682999728285481833e-01
3.500000000000000000e+01 8.340162578042376040e-02 9.736436916945928610e-01
3.500000000000000000e+01 8.238789487259055855e-02 9.725568336201431130e-01
3.500000000000000000e+01 7.812733021655975107e-02 9.754551218186758854e-01
3.500000000000000000e+01 7.696761512442114317e-02 9.750928357938593027e-01
3.500000000000000000e+01 7.583680045782617563e-02 9.764514083869214600e-01
3.500000000000000000e+01 7.399833052397325472e-02 9.781722670048003110e-01
3.500000000000000000e+01 7.439446814604820657e-02 9.773571234489629722e-01
3.500000000000000000e+01 7.170816827195580778e-02 9.796214111040666417e-01
3.500000000000000000e+01 7.079564527568618648e-02 9.786251245358210671e-01
3.500000000000000000e+01 7.170616550453025317e-02 9.779911239923919641e-01
3.600000000000000000e+01 1.986108356996119928e-01 9.404039489176705402e-01
3.600000000000000000e+01 1.237875750863341173e-01 9.640431120369531426e-01
3.600000000000000000e+01 1.074337272089347928e-01 9.678471152975274272e-01
3.600000000000000000e+01 9.881681768954739264e-02 9.692962593967937579e-01
3.600000000000000000e+01 9.350203789148978095e-02 9.682999728285481833e-01
3.600000000000000000e+01 8.957750891795128456e-02 9.703831174712435059e-01
3.600000000000000000e+01 8.608448928817068191e-02 9.710171180146726089e-01
3.600000000000000000e+01 8.128342862289879289e-02 9.725568336201431130e-01
3.600000000000000000e+01 7.795285217856207094e-02 9.748211212752467825e-01
3.600000000000000000e+01 7.692128932081596093e-02 9.753645503124717120e-01
3.600000000000000000e+01 7.628641287416301764e-02 9.760891223621048773e-01
3.600000000000000000e+01 7.226389925056572738e-02 9.782628385110044844e-01
3.600000000000000000e+01 7.260900723410677882e-02 9.777194094737795549e-01
3.600000000000000000e+01 7.188742354227817266e-02 9.783534100172085468e-01
3.600000000000000000e+01 7.023313699038660762e-02 9.784439815234127202e-01
3.700000000000000000e+01 2.026021034916966612e-01 9.381396612625667597e-01
3.700000000000000000e+01 1.261547557875236925e-01 9.616882528756452997e-01
3.700000000000000000e+01 1.040673728348097127e-01 9.684811158409564191e-01
3.700000000000000000e+01 9.860130089970621514e-02 9.692056878905895845e-01
3.700000000000000000e+01 9.000909088684229398e-02 9.705642604836518528e-01
3.700000000000000000e+01 8.386947379307793660e-02 9.712888325332850181e-01
3.700000000000000000e+01 8.162270907061144887e-02 9.724662621139389396e-01
3.700000000000000000e+01 7.888959076635282397e-02 9.746399782628385466e-01
3.700000000000000000e+01 7.949051824982239500e-02 9.731908341635721049e-01
3.700000000000000000e+01 7.425969640189576670e-02 9.767231229055338693e-01
3.700000000000000000e+01 7.303868775691250981e-02 9.774476949551671456e-01
3.700000000000000000e+01 7.690873358816729954e-02 9.763608368807172866e-01
3.700000000000000000e+01 7.609976146846950118e-02 9.761796938683090508e-01
3.700000000000000000e+01 7.222957083587489002e-02 9.775382664613712080e-01
3.700000000000000000e+01 7.038974096995187502e-02 9.785345530296168937e-01
3.800000000000000000e+01 2.640682478873457861e-01 9.255502219001902064e-01
3.800000000000000000e+01 1.543831903556383278e-01 9.519971017118015189e-01
3.800000000000000000e+01 1.337010547860471854e-01 9.550765329227425271e-01
3.800000000000000000e+01 1.005808524938090198e-01 9.694774024092021047e-01
3.800000000000000000e+01 9.010229921288691324e-02 9.717416900643057742e-01
3.800000000000000000e+01 8.806960391768034468e-02 9.717416900643057742e-01
3.800000000000000000e+01 9.571076006393579305e-02 9.674848292727108445e-01
3.800000000000000000e+01 8.967894625059640024e-02 9.699302599402228608e-01
3.800000000000000000e+01 7.680511840666237600e-02 9.769948374241463895e-01
3.800000000000000000e+01 7.651965597304621891e-02 9.771759804365546254e-01
3.800000000000000000e+01 7.564995037567349978e-02 9.761796938683090508e-01
3.800000000000000000e+01 7.576735353567062847e-02 9.758174078434924681e-01
3.800000000000000000e+01 7.732968039958686146e-02 9.747305497690426090e-01
3.800000000000000000e+01 7.313371678009147892e-02 9.774476949551671456e-01
3.800000000000000000e+01 7.657498464888384815e-02 9.748211212752467825e-01
3.900000000000000000e+01 3.797301012795566422e-01 7.153337560003623086e-01
3.900000000000000000e+01 3.471924993277377691e-01 6.917851643872837686e-01
3.900000000000000000e+01 2.919975222028465267e-01 9.493705280318811557e-01
3.900000000000000000e+01 1.275466027375594114e-01 9.632279684811158038e-01
3.900000000000000000e+01 1.105733850612796582e-01 9.672131147540983243e-01
3.900000000000000000e+01 1.006457235642485709e-01 9.669414002354859150e-01
3.900000000000000000e+01 9.261513537790003192e-02 9.693868309029979313e-01
3.900000000000000000e+01 8.940499521205116928e-02 9.694774024092021047e-01
3.900000000000000000e+01 8.512169622691542759e-02 9.740059777194094437e-01
3.900000000000000000e+01 8.008248513701191063e-02 9.750928357938593027e-01
3.900000000000000000e+01 8.058365982810629380e-02 9.740965492256136171e-01
3.900000000000000000e+01 7.885451238181105660e-02 9.759079793496965305e-01
3.900000000000000000e+01 7.856462640907345418e-02 9.752739788062675386e-01
3.900000000000000000e+01 7.383846271354185808e-02 9.781722670048003110e-01
3.900000000000000000e+01 7.381714794537626301e-02 9.779911239923919641e-01
4.000000000000000000e+01 2.140150529188690198e-01 9.434833801286115484e-01
4.000000000000000000e+01 1.358820148501654335e-01 9.612353953446245436e-01
4.000000000000000000e+01 1.059314900398500708e-01 9.684811158409564191e-01
4.000000000000000000e+01 1.088738068870146597e-01 9.633185399873199772e-01
4.000000000000000000e+01 9.490693220880552783e-02 9.685716873471605926e-01
4.000000000000000000e+01 9.249228651662064205e-02 9.684811158409564191e-01
4.000000000000000000e+01 9.451630490417453623e-02 9.681188298161398365e-01
4.000000000000000000e+01 9.145613098517076101e-02 9.701114029526310967e-01
4.000000000000000000e+01 8.440132702933240971e-02 9.721039760891223569e-01
4.000000000000000000e+01 8.295060632423084668e-02 9.731908341635721049e-01
4.000000000000000000e+01 7.877574164239210808e-02 9.750928357938593027e-01
4.000000000000000000e+01 8.000168980895366877e-02 9.745494067566343732e-01
4.000000000000000000e+01 8.136932323611448248e-02 9.743682637442260264e-01
4.000000000000000000e+01 7.715350864305206557e-02 9.755456933248799478e-01
4.000000000000000000e+01 7.848936804343632778e-02 9.760891223621048773e-01
4.100000000000000000e+01 1.989654727070099827e-01 9.390453763246082719e-01
4.100000000000000000e+01 1.234110638450932051e-01 9.654922561362195843e-01
4.100000000000000000e+01 1.068965347573978125e-01 9.675754007789149069e-01
4.100000000000000000e+01 9.753829744473721530e-02 9.684811158409564191e-01
4.100000000000000000e+01 9.020528822298894134e-02 9.701114029526310967e-01
4.100000000000000000e+01 8.722300608129010535e-02 9.695679739154061672e-01
4.100000000000000000e+01 8.425860811740790157e-02 9.704736889774476793e-01
4.100000000000000000e+01 8.306852396354084955e-02 9.715605470518974274e-01
4.100000000000000000e+01 8.154870103470604481e-02 9.731002626573680425e-01
4.100000000000000000e+01 7.745209750209777755e-02 9.754551218186758854e-01
4.100000000000000000e+01 7.943923183238142671e-02 9.741871207318177905e-01
4.100000000000000000e+01 7.495344972142801987e-02 9.759079793496965305e-01
4.100000000000000000e+01 7.372763948011544499e-02 9.772665519427587988e-01
4.100000000000000000e+01 7.333140480883294787e-02 9.768136944117380427e-01
4.100000000000000000e+01 7.177754618101826745e-02 9.780816954985961376e-01
4.200000000000000000e+01 2.057421632793086930e-01 9.500045285753102586e-01
4.200000000000000000e+01 1.200772808575735068e-01 9.658545421610361670e-01
4.200000000000000000e+01 1.042014154830270128e-01 9.679376868037316006e-01
4.200000000000000000e+01 1.032719636592782098e-01 9.673036862603024977e-01
4.200000000000000000e+01 9.372906357865000426e-02 9.691151163843855221e-01
4.200000000000000000e+01 8.988758193596198265e-02 9.681188298161398365e-01
4.200000000000000000e+01 8.576489536035808436e-02 9.695679739154061672e-01
4.200000000000000000e+01 7.974725386664802129e-02 9.750022642876551293e-01
4.200000000000000000e+01 8.493196234429181701e-02 9.720134045829181835e-01
4.200000000000000000e+01 8.160707040145936952e-02 9.729191196449596957e-01
4.200000000000000000e+01 7.262292508304470096e-02 9.774476949551671456e-01
4.200000000000000000e+01 7.532660428046507317e-02 9.754551218186758854e-01
4.200000000000000000e+01 7.643073326651400601e-02 9.747305497690426090e-01
4.200000000000000000e+01 7.499007388557155096e-02 9.763608368807172866e-01
4.200000000000000000e+01 7.351402059075487494e-02 9.762702653745132242e-01
4.300000000000000000e+01 2.201772043283230507e-01 9.379585182501585239e-01
4.300000000000000000e+01 1.321946010881910605e-01 9.603296802825831424e-01
4.300000000000000000e+01 1.058760604232700381e-01 9.670319717416900884e-01
4.300000000000000000e+01 9.450997460257221094e-02 9.682094013223440099e-01
4.300000000000000000e+01 9.033174228320797750e-02 9.686622588533647660e-01
4.300000000000000000e+01 8.419089887526104432e-02 9.729191196449596957e-01
4.300000000000000000e+01 8.155080334564009104e-02 9.754551218186758854e-01
4.300000000000000000e+01 7.756124188682485265e-02 9.767231229055338693e-01
4.300000000000000000e+01 7.793476720900505139e-02 9.756362648310841212e-01
4.300000000000000000e+01 7.759590247556352738e-02 9.753645503124717120e-01
4.300000000000000000e+01 7.384306729645161160e-02 9.774476949551671456e-01
4.300000000000000000e+01 7.186702570450484440e-02 9.779005524861877907e-01
4.300000000000000000e+01 7.326609461116274924e-02 9.773571234489629722e-01
4.300000000000000000e+01 7.198188144725821414e-02 9.778099809799837283e-01
4.300000000000000000e+01 7.133454753319787289e-02 9.780816954985961376e-01
4.400000000000000000e+01 2.575634242835934118e-01 9.365999456570962556e-01
4.400000000000000000e+01 1.527124174401049417e-01 9.618693958880536465e-01
4.400000000000000000e+01 1.269091833349888510e-01 9.663073996920569231e-01
4.400000000000000000e+01 1.114818714792302073e-01 9.676659722851190804e-01
4.400000000000000000e+01 1.096764230931517176e-01 9.657639706548319936e-01
4.400000000000000000e+01 1.043686684652487540e-01 9.640431120369531426e-01
4.400000000000000000e+01 1.021009983888219869e-01 9.615976813694411263e-01
4.400000000000000000e+01 8.680425261915775126e-02 9.689339733719771752e-01
4.400000000000000000e+01 8.982873898637544485e-02 9.686622588533647660e-01
4.400000000000000000e+01 9.337267975011420695e-02 9.661262566796485762e-01
4.400000000000000000e+01 8.203588280108579933e-02 9.734625486821846252e-01
4.400000000000000000e+01 8.059631814049419973e-02 9.743682637442260264e-01
4.400000000000000000e+01 7.912767406061269049e-02 9.757268363372882947e-01
4.400000000000000000e+01 7.524545348807340495e-02 9.770854089303505630e-01
4.400000000000000000e+01 7.544532684700176739e-02 9.764514083869214600e-01
4.500000000000000000e+01 2.320759821830084835e-01 9.324336563717054993e-01
4.500000000000000000e+01 1.440022307511857058e-01 9.591522507019292210e-01
4.500000000000000000e+01 1.259515593825558666e-01 9.601485372701747956e-01
4.500000000000000000e+01 1.063935355387640724e-01 9.659451136672403404e-01
4.500000000000000000e+01 1.021977526898902172e-01 9.655828276424236467e-01
4.500000000000000000e+01 9.359467432006735033e-02 9.677565437913232538e-01
4.500000000000000000e+01 9.188657209229181277e-02 9.688434018657730018e-01
4.500000000000000000e+01 8.915172466231827131e-02 9.681188298161398365e-01
4.500000000000000000e+01 8.611938854849267300e-02 9.698396884340186874e-01
4.500000000000000000e+01 8.747167242673224707e-02 9.710171180146726089e-01
4.500000000000000000e+01 7.787170138399387986e-02 9.744588352504301998e-01
4.500000000000000000e+01 7.814940981518389562e-02 9.743682637442260264e-01
4.500000000000000000e+01 9.069471862621204805e-02 9.716511185581016008e-01
4.500000000000000000e+01 7.865537247548877453e-02 9.745494067566343732e-01
4.500000000000000000e+01 7.443693121058538031e-02 9.762702653745132242e-01
4.600000000000000000e+01 2.333095654861582768e-01 9.273616520242731198e-01
4.600000000000000000e+01 1.622540212740089527e-01 9.479213839326148250e-01
4.600000000000000000e+01 1.189976724398678215e-01 9.624128249252784650e-01
4.600000000000000000e+01 1.109482859281099160e-01 9.636808260121365599e-01
4.600000000000000000e+01 9.889913754831841652e-02 9.670319717416900884e-01
4.600000000000000000e+01 9.318216962162906292e-02 9.681188298161398365e-01
4.600000000000000000e+01 8.698114959694171200e-02 9.702019744588352701e-01
4.600000000000000000e+01 8.322817925822496854e-02 9.734625486821846252e-01
4.600000000000000000e+01 8.171030253900989082e-02 9.741871207318177905e-01
4.600000000000000000e+01 7.836951120919484481e-02 9.754551218186758854e-01
4.600000000000000000e+01 7.690657347989919568e-02 9.760891223621048773e-01
4.600000000000000000e+01 7.552644569015752596e-02 9.767231229055338693e-01
4.600000000000000000e+01 7.445624513271728584e-02 9.771759804365546254e-01
4.600000000000000000e+01 7.543569821174503365e-02 9.758174078434924681e-01
4.600000000000000000e+01 7.143001528452133653e-02 9.784439815234127202e-01
4.700000000000000000e+01 2.393267772487790435e-01 9.372339462005253585e-01
4.700000000000000000e+01 1.488443168068441791e-01 9.580653926274793619e-01
4.700000000000000000e+01 1.239620585724836299e-01 9.657639706548319936e-01
4.700000000000000000e+01 1.055815320041670058e-01 9.677565437913232538e-01
4.700000000000000000e+01 1.033235463378543023e-01 9.681188298161398365e-01
4.700000000000000000e+01 9.745836669706542388e-02 9.670319717416900884e-01
4.700000000000000000e+01 9.724284316333053901e-02 9.689339733719771752e-01
4.700000000000000000e+01 8.869518385667310434e-02 9.721945475953265303e-01
4.700000000000000000e+01 8.434278877834022747e-02 9.740059777194094437e-01
4.700000000000000000e+01 8.520369643658141923e-02 9.723756906077347661e-01
4.700000000000000000e+01 8.401439422834476589e-02 9.729191196449596957e-01
4.700000000000000000e+01 8.008338250037574935e-02 9.740059777194094437e-01
4.700000000000000000e+01 7.747951658986369783e-02 9.757268363372882947e-01
4.700000000000000000e+01 8.157147641661523230e-02 9.744588352504301998e-01
4.700000000000000000e+01 7.778078333955470991e-02 9.752739788062675386e-01
4.800000000000000000e+01 2.198069187325199236e-01 9.437550946472239577e-01
4.800000000000000000e+01 1.482542480662492612e-01 9.576125350964586058e-01
4.800000000000000000e+01 1.194454027680998537e-01 9.640431120369531426e-01
4.800000000000000000e+01 1.070708690648797951e-01 9.661262566796485762e-01
4.800000000000000000e+01 9.974730998612639510e-02 9.680282583099356630e-01
4.800000000000000000e+01 9.715871485378767269e-02 9.678471152975274272e-01
4.800000000000000000e+01 9.572388922342668638e-02 9.675754007789149069e-01
4.800000000000000000e+01 8.899618915617067694e-02 9.691151163843855221e-01
4.800000000000000000e+01 8.239066726861574153e-02 9.721945475953265303e-01
4.800000000000000000e+01 8.485750690120168194e-02 9.728285481387555222e-01
4.800000000000000000e+01 9.370626541447189817e-02 9.688434018657730018e-01
4.800000000000000000e+01 7.631970460319986715e-02 9.753645503124717120e-01
4.800000000000000000e+01 7.783319438333374807e-02 9.747305497690426090e-01
4.800000000000000000e+01 8.136830156579140383e-02 9.730096911511638691e-01
4.800000000000000000e+01 7.482183406767890788e-02 9.755456933248799478e-01
4.900000000000000000e+01 3.062969285907580774e-01 9.237387917761071821e-01
4.900000000000000000e+01 1.629267259859287220e-01 9.564351055158046844e-01
4.900000000000000000e+01 1.361959193848103766e-01 9.656733991486278201e-01
4.900000000000000000e+01 1.196486302082905157e-01 9.638619690245449068e-01
4.900000000000000000e+01 1.040358819820420139e-01 9.666696857168735058e-01
4.900000000000000000e+01 9.782281905054572568e-02 9.670319717416900884e-01
4.900000000000000000e+01 9.251801372105419863e-02 9.704736889774476793e-01
4.900000000000000000e+01 9.059019358800267374e-02 9.723756906077347661e-01
4.900000000000000000e+01 9.150745631162596205e-02 9.721945475953265303e-01
4.900000000000000000e+01 7.772182730636975623e-02 9.767231229055338693e-01
4.900000000000000000e+01 8.671426805557361228e-02 9.729191196449596957e-01
4.900000000000000000e+01 8.327879760509403206e-02 9.741871207318177905e-01
4.900000000000000000e+01 7.472439991036339269e-02 9.773571234489629722e-01
4.900000000000000000e+01 7.413335329203193935e-02 9.772665519427587988e-01
4.900000000000000000e+01 7.724979055465121258e-02 9.764514083869214600e-01
5.000000000000000000e+01 2.121379632795369341e-01 9.385019472873833424e-01
5.000000000000000000e+01 1.371051605527778827e-01 9.594239652205416302e-01
5.000000000000000000e+01 1.140837038451561619e-01 9.644959695679738987e-01
5.000000000000000000e+01 1.042913187238729833e-01 9.663073996920569231e-01
5.000000000000000000e+01 1.031381282642654246e-01 9.654922561362195843e-01
5.000000000000000000e+01 9.453486057963690625e-02 9.675754007789149069e-01
5.000000000000000000e+01 9.205293555255379678e-02 9.669414002354859150e-01
5.000000000000000000e+01 8.772281504063959845e-02 9.706548319898560262e-01
5.000000000000000000e+01 8.529639635151919919e-02 9.738248347070012079e-01
5.000000000000000000e+01 8.119745263974548211e-02 9.751834073000633651e-01
5.000000000000000000e+01 8.032762460526758630e-02 9.747305497690426090e-01
5.000000000000000000e+01 7.716284759154948270e-02 9.750022642876551293e-01
5.000000000000000000e+01 7.687688391701869017e-02 9.759985508559007039e-01
5.000000000000000000e+01 7.737953969218626382e-02 9.741871207318177905e-01
5.000000000000000000e+01 7.488197696081827504e-02 9.756362648310841212e-01
5.100000000000000000e+01 2.311946712283724781e-01 9.333393714337469005e-01
5.100000000000000000e+01 1.445900384877093214e-01 9.601485372701747956e-01
5.100000000000000000e+01 1.146089289614140028e-01 9.669414002354859150e-01
5.100000000000000000e+01 1.040551091069606277e-01 9.675754007789149069e-01
5.100000000000000000e+01 1.010020936745483489e-01 9.691151163843855221e-01
5.100000000000000000e+01 9.456001562870892940e-02 9.685716873471605926e-01
5.100000000000000000e+01 9.199371141456300083e-02 9.682094013223440099e-01
5.100000000000000000e+01 8.840368476570836798e-02 9.702925459650394435e-01
5.100000000000000000e+01 8.640963920909523754e-02 9.684811158409564191e-01
5.100000000000000000e+01 8.116143316212696968e-02 9.749116927814509559e-01
5.100000000000000000e+01 8.092622834180700220e-02 9.740965492256136171e-01
5.100000000000000000e+01 7.840039597064626942e-02 9.754551218186758854e-01
5.100000000000000000e+01 8.334998321129975796e-02 9.730096911511638691e-01
5.100000000000000000e+01 7.793244590331994959e-02 9.756362648310841212e-01
5.100000000000000000e+01 7.669205838347882553e-02 9.750928357938593027e-01
5.200000000000000000e+01 2.232625535962637076e-01 9.299882257041934830e-01
5.200000000000000000e+01 1.399970455464706331e-01 9.583371071460918822e-01
5.200000000000000000e+01 1.141559547243626294e-01 9.658545421610361670e-01
5.200000000000000000e+01 1.011083160697088951e-01 9.683905443347522457e-01
5.200000000000000000e+01 9.759057659301695331e-02 9.688434018657730018e-01
5.200000000000000000e+01 9.334758175399457403e-02 9.686622588533647660e-01
5.200000000000000000e+01 9.593897019332073284e-02 9.670319717416900884e-01
5.200000000000000000e+01 8.543692259704036007e-02 9.711982610270808447e-01
5.200000000000000000e+01 8.135421674239641521e-02 9.759985508559007039e-01
5.200000000000000000e+01 7.878181063318953625e-02 9.761796938683090508e-01
5.200000000000000000e+01 8.073692274791015311e-02 9.746399782628385466e-01
5.200000000000000000e+01 7.760554049093072726e-02 9.758174078434924681e-01
5.200000000000000000e+01 7.651557335430353435e-02 9.758174078434924681e-01
5.200000000000000000e+01 7.877656420490294908e-02 9.748211212752467825e-01
5.200000000000000000e+01 7.225388720849802715e-02 9.786251245358210671e-01
5.300000000000000000e+01 2.320879662705012669e-01 9.282673670863146320e-01
5.300000000000000000e+01 1.429916101955824304e-01 9.531745312924554403e-01
5.300000000000000000e+01 1.138900938762754667e-01 9.664885427044651589e-01
5.300000000000000000e+01 1.009782284072001934e-01 9.684811158409564191e-01
5.300000000000000000e+01 9.353633530774356497e-02 9.707454034960600886e-01
5.300000000000000000e+01 9.279705559736557696e-02 9.697491169278145140e-01
5.300000000000000000e+01 8.685557993590081738e-02 9.706548319898560262e-01
5.300000000000000000e+01 8.568527055323478525e-02 9.731002626573680425e-01
5.300000000000000000e+01 8.207323637188949916e-02 9.742776922380219640e-01
5.300000000000000000e+01 7.636692462962933747e-02 9.762702653745132242e-01
5.300000000000000000e+01 7.476109908920687552e-02 9.775382664613712080e-01
5.300000000000000000e+01 7.615342145515216488e-02 9.766325513993298069e-01
5.300000000000000000e+01 7.566090504670508476e-02 9.765419798931256334e-01
5.300000000000000000e+01 7.424754711585888900e-02 9.765419798931256334e-01
5.300000000000000000e+01 7.560908046252569348e-02 9.754551218186758854e-01
5.400000000000000000e+01 2.227469190332223847e-01 9.363282311384838463e-01
5.400000000000000000e+01 1.317736568169061429e-01 9.634996829997283241e-01
5.400000000000000000e+01 1.084555163758862684e-01 9.678471152975274272e-01
5.400000000000000000e+01 1.027450360416379271e-01 9.673942577665066711e-01
5.400000000000000000e+01 9.623721869783956329e-02 9.685716873471605926e-01
5.400000000000000000e+01 9.302776668669297810e-02 9.693868309029979313e-01
5.400000000000000000e+01 9.354053164163093903e-02 9.670319717416900884e-01
5.400000000000000000e+01 8.800990327832308724e-02 9.692962593967937579e-01
5.400000000000000000e+01 8.609579168909381464e-02 9.719228330767141211e-01
5.400000000000000000e+01 7.994663136987671670e-02 9.743682637442260264e-01
5.400000000000000000e+01 8.106008330340014334e-02 9.738248347070012079e-01
5.400000000000000000e+01 7.944494066342577820e-02 9.750928357938593027e-01
5.400000000000000000e+01 7.932669878149865850e-02 9.745494067566343732e-01
5.400000000000000000e+01 7.483576427098702355e-02 9.763608368807172866e-01
5.400000000000000000e+01 7.286268719218917667e-02 9.779005524861877907e-01
5.500000000000000000e+01 2.806404934640067128e-01 9.208405035775745207e-01
5.500000000000000000e+01 1.476232643118196852e-01 9.575219635902545434e-01
5.500000000000000000e+01 1.117133173882224190e-01 9.663979711982609855e-01
5.500000000000000000e+01 1.048962297057728227e-01 9.687528303595688284e-01
5.500000000000000000e+01 1.025277953879284859e-01 9.702019744588352701e-01
5.500000000000000000e+01 1.108855314517820378e-01 9.629562539625033946e-01
5.500000000000000000e+01 9.715667901673402662e-02 9.669414002354859150e-01
5.500000000000000000e+01 8.226601927150685445e-02 9.734625486821846252e-01
5.500000000000000000e+01 7.870015022235664348e-02 9.752739788062675386e-01
5.500000000000000000e+01 8.274953330919659900e-02 9.732814056697762783e-01
5.500000000000000000e+01 7.631794667877588034e-02 9.753645503124717120e-01
5.500000000000000000e+01 8.441807548455576571e-02 9.717416900643057742e-01
5.500000000000000000e+01 7.827826066530012283e-02 9.753645503124717120e-01
5.500000000000000000e+01 7.392208612512059240e-02 9.776288379675753815e-01
5.500000000000000000e+01 7.358745819267498156e-02 9.769948374241463895e-01
5.600000000000000000e+01 2.319102982426129722e-01 9.327959423965220820e-01
5.600000000000000000e+01 1.424130838908315155e-01 9.601485372701747956e-01
5.600000000000000000e+01 1.177521978346269260e-01 9.657639706548319936e-01
5.600000000000000000e+01 1.024265360224923677e-01 9.699302599402228608e-01
5.600000000000000000e+01 1.017395872040998545e-01 9.679376868037316006e-01
5.600000000000000000e+01 9.201510372749407973e-02 9.698396884340186874e-01
5.600000000000000000e+01 8.840038742608474776e-02 9.703831174712435059e-01
5.600000000000000000e+01 8.671088976086954725e-02 9.706548319898560262e-01
5.600000000000000000e+01 8.257415030877769679e-02 9.754551218186758854e-01
5.600000000000000000e+01 8.513981606278049619e-02 9.720134045829181835e-01
5.600000000000000000e+01 8.053823112280526775e-02 9.740965492256136171e-01
5.600000000000000000e+01 7.746136737304394615e-02 9.760891223621048773e-01
5.600000000000000000e+01 7.311786972972611487e-02 9.769042659179422161e-01
5.600000000000000000e+01 7.183188516975792803e-02 9.779911239923919641e-01
5.600000000000000000e+01 7.161709781347989912e-02 9.785345530296168937e-01
5.700000000000000000e+01 2.252467097000272478e-01 9.295353681731727269e-01
5.700000000000000000e+01 1.531215627928849687e-01 9.484648129698396435e-01
5.700000000000000000e+01 1.181853688184436035e-01 9.615976813694411263e-01
5.700000000000000000e+01 1.064209076142580146e-01 9.642242550493614894e-01
5.700000000000000000e+01 9.973168530033338364e-02 9.638619690245449068e-01
5.700000000000000000e+01 9.386514397660782050e-02 9.649488270989946548e-01
5.700000000000000000e+01 9.095435387504904878e-02 9.655828276424236467e-01
5.700000000000000000e+01 8.789271172208625027e-02 9.651299701114030016e-01
5.700000000000000000e+01 8.740659632025596371e-02 9.688434018657730018e-01
5.700000000000000000e+01 8.475835540135874535e-02 9.715605470518974274e-01
5.700000000000000000e+01 8.682385262782252311e-02 9.718322615705099476e-01
5.700000000000000000e+01 7.850855008619950226e-02 9.744588352504301998e-01
5.700000000000000000e+01 7.826740559722222823e-02 9.747305497690426090e-01
5.700000000000000000e+01 7.578190003317987478e-02 9.756362648310841212e-01
5.700000000000000000e+01 7.687419954753403617e-02 9.752739788062675386e-01
5.800000000000000000e+01 2.632687397075119673e-01 9.236482202699031197e-01
5.800000000000000000e+01 1.538957172302491683e-01 9.527216737614346842e-01
5.800000000000000000e+01 1.256660209731488842e-01 9.606919663073997251e-01
5.800000000000000000e+01 1.088749278332085818e-01 9.648582555927904814e-01
5.800000000000000000e+01 1.010261939401086717e-01 9.666696857168735058e-01
5.800000000000000000e+01 9.830661231760298713e-02 9.660356851734444028e-01
5.800000000000000000e+01 9.365191615570053751e-02 9.684811158409564191e-01
5.800000000000000000e+01 9.670001503351523253e-02 9.631373969749117414e-01
5.800000000000000000e+01 9.006151553712345159e-02 9.669414002354859150e-01
5.800000000000000000e+01 8.546752918775941954e-02 9.712888325332850181e-01
5.800000000000000000e+01 8.032857147635291684e-02 9.734625486821846252e-01
5.800000000000000000e+01 8.196325498946251120e-02 9.731002626573680425e-01
5.800000000000000000e+01 7.778430310168933659e-02 9.748211212752467825e-01
5.800000000000000000e+01 7.671156212320331957e-02 9.756362648310841212e-01
5.800000000000000000e+01 8.048034539868893777e-02 9.736436916945928610e-01
5.900000000000000000e+01 2.292963660561157524e-01 9.235576487636989462e-01
5.900000000000000000e+01 1.696899342507884600e-01 9.470156688705733128e-01
5.900000000000000000e+01 1.429942241286691063e-01 9.572502490716420231e-01
5.900000000000000000e+01 1.145436693104281006e-01 9.633185399873199772e-01
5.900000000000000000e+01 1.095861496459275275e-01 9.655828276424236467e-01
5.900000000000000000e+01 9.657958845985976926e-02 9.684811158409564191e-01
5.900000000000000000e+01 8.982296121546472223e-02 9.687528303595688284e-01
5.900000000000000000e+01 8.898785957728587437e-02 9.689339733719771752e-01
5.900000000000000000e+01 8.664948954026710504e-02 9.727379766325513488e-01
5.900000000000000000e+01 8.501416903690237059e-02 9.727379766325513488e-01
5.900000000000000000e+01 8.142455375381292548e-02 9.747305497690426090e-01
5.900000000000000000e+01 8.035982631304579293e-02 9.750928357938593027e-01
5.900000000000000000e+01 8.008769328372834784e-02 9.741871207318177905e-01
5.900000000000000000e+01 8.211911728844069336e-02 9.736436916945928610e-01
5.900000000000000000e+01 7.922108650052359091e-02 9.750022642876551293e-01
