0.000000000000000000e+00 3.278008664179152820e-01 8.784530386740331265e-01
0.000000000000000000e+00 3.147918341600109970e-01 8.812607553663617255e-01
0.000000000000000000e+00 3.133683127521009748e-01 8.818041844035866550e-01
0.000000000000000000e+00 3.039726227083670573e-01 8.824381849470156469e-01
0.000000000000000000e+00 3.004478808475467555e-01 8.855176161579566552e-01
0.000000000000000000e+00 2.988134478540653838e-01 8.844307580835069071e-01
0.000000000000000000e+00 2.991261925912417352e-01 8.864233312199981674e-01
0.000000000000000000e+00 2.971874245127145153e-01 8.859704736889774113e-01
0.000000000000000000e+00 2.932341746354458767e-01 8.893216194185309398e-01
0.000000000000000000e+00 2.932003085436984402e-01 8.883253328502852542e-01
0.000000000000000000e+00 2.945842581333009136e-01 8.866044742324065142e-01
0.000000000000000000e+00 2.951596367922610931e-01 8.873290462820396796e-01
0.000000000000000000e+00 2.934262603040544426e-01 8.884159043564894276e-01
0.000000000000000000e+00 3.039095303136804538e-01 8.863327597137939939e-01
0.000000000000000000e+00 3.090797143892530241e-01 8.761887510189294570e-01
1.000000000000000000e+00 1.921230544454332057e-01 9.414908069921202882e-01
1.000000000000000000e+00 1.419876884760270519e-01 9.497328140566977384e-01
1.000000000000000000e+00 1.331405265818778327e-01 9.540802463544968415e-01
1.000000000000000000e+00 1.341625072715627309e-01 9.540802463544968415e-01
1.000000000000000000e+00 1.294533386127705021e-01 9.541708178607010149e-01
1.000000000000000000e+00 1.251938894674204383e-01 9.575219635902545434e-01
1.000000000000000000e+00 1.236164715770994571e-01 9.576125350964586058e-01
1.000000000000000000e+00 1.269254544411133889e-01 9.556199619599673456e-01
1.000000000000000000e+00 1.230170286874322366e-01 9.562539625033964485e-01
1.000000000000000000e+00 1.194242283305932267e-01 9.586993931709084649e-01
1.000000000000000000e+00 1.216074034985432234e-01 9.558011049723756924e-01
1.000000000000000000e+00 1.170084794964177666e-01 9.589711076895208741e-01
1.000000000000000000e+00 1.210490831484858226e-01 9.570691060592337873e-01
1.000000000000000000e+00 1.249718610621287085e-01 9.538991033420886057e-01
1.000000000000000000e+00 1.205161206225996706e-01 9.569785345530296139e-01
2.000000000000000000e+00 1.411671547237572100e-01 9.578842496150711261e-01
2.000000000000000000e+00 1.030122283719132337e-01 9.670319717416900884e-01
2.000000000000000000e+00 9.813862576296247808e-02 9.686622588533647660e-01
2.000000000000000000e+00 9.431843880126714041e-02 9.689339733719771752e-01
2.000000000000000000e+00 9.325205077482817684e-02 9.705642604836518528e-01
2.000000000000000000e+00 9.201754536876743940e-02 9.699302599402228608e-01
2.000000000000000000e+00 9.033275269275357899e-02 9.707454034960600886e-01
2.000000000000000000e+00 8.828117570805774084e-02 9.714699755456933650e-01
2.000000000000000000e+00 9.082928341136503603e-02 9.690245448781813487e-01
2.000000000000000000e+00 8.462709470327436923e-02 9.721945475953265303e-01
2.000000000000000000e+00 8.377560190598390411e-02 9.725568336201431130e-01
2.000000000000000000e+00 8.298058657079684930e-02 9.738248347070012079e-01
2.000000000000000000e+00 8.394855850691490540e-02 9.721945475953265303e-01
2.000000000000000000e+00 8.244156736157365328e-02 9.733719771759804518e-01
2.000000000000000000e+00 8.159409186483840282e-02 9.743682637442260264e-01
3.000000000000000000e+00 1.611714438520574777e-01 9.560728194909881017e-01
3.000000000000000000e+00 1.038578568252029044e-01 9.673036862603024977e-01
3.000000000000000000e+00 9.725792508907979417e-02 9.699302599402228608e-01
3.000000000000000000e+00 9.260608802465765399e-02 9.716511185581016008e-01
3.000000000000000000e+00 9.032843427043850404e-02 9.717416900643057742e-01
3.000000000000000000e+00 8.537518053582608679e-02 9.741871207318177905e-01
3.000000000000000000e+00 8.691260757999315356e-02 9.726474051263472864e-01
3.000000000000000000e+00 8.339271557621293074e-02 9.750022642876551293e-01
3.000000000000000000e+00 8.268125761479556968e-02 9.740965492256136171e-01
3.000000000000000000e+00 8.309101979287979167e-02 9.743682637442260264e-01
3.000000000000000000e+00 7.818351706596646244e-02 9.770854089303505630e-01
3.000000000000000000e+00 7.659130659489056525e-02 9.773571234489629722e-01
3.000000000000000000e+00 7.631484991717546462e-02 9.769042659179422161e-01
3.000000000000000000e+00 7.757975742952287479e-02 9.765419798931256334e-01
3.000000000000000000e+00 7.606665336067740257e-02 9.771759804365546254e-01
4.000000000000000000e+00 1.302826586797366237e-01 9.611448238384204812e-01
4.000000000000000000e+00 1.026144930937479827e-01 9.679376868037316006e-01
4.000000000000000000e+00 9.555935456044248322e-02 9.707454034960600886e-01
4.000000000000000000e+00 9.079510795886007457e-02 9.729191196449596957e-01
4.000000000000000000e+00 8.801046947547681853e-02 9.731908341635721049e-01
4.000000000000000000e+00 8.404340943221520754e-02 9.756362648310841212e-01
4.000000000000000000e+00 8.292979961095049701e-02 9.760891223621048773e-01
4.000000000000000000e+00 8.134072309327837480e-02 9.753645503124717120e-01
4.000000000000000000e+00 7.949011792284371714e-02 9.751834073000633651e-01
4.000000000000000000e+00 7.908209039431997323e-02 9.768136944117380427e-01
4.000000000000000000e+00 7.666261984690546372e-02 9.772665519427587988e-01
4.000000000000000000e+00 7.630815365305430864e-02 9.776288379675753815e-01
4.000000000000000000e+00 7.469305802458771348e-02 9.771759804365546254e-01
4.000000000000000000e+00 7.437649878686485028e-02 9.771759804365546254e-01
4.000000000000000000e+00 7.417458454715807059e-02 9.769948374241463895e-01
5.000000000000000000e+00 1.307618809931638260e-01 9.597862512453582129e-01
5.000000000000000000e+00 9.893799877355531625e-02 9.696585454216103406e-01
5.000000000000000000e+00 9.230358851780248730e-02 9.723756906077347661e-01
5.000000000000000000e+00 8.759119138918380898e-02 9.741871207318177905e-01
5.000000000000000000e+00 8.354424342700250694e-02 9.754551218186758854e-01
5.000000000000000000e+00 8.018781709340951080e-02 9.760891223621048773e-01
5.000000000000000000e+00 7.820290419533734716e-02 9.770854089303505630e-01
5.000000000000000000e+00 7.632092625338293690e-02 9.773571234489629722e-01
5.000000000000000000e+00 7.522618592838568874e-02 9.781722670048003110e-01
5.000000000000000000e+00 7.485394789911933855e-02 9.783534100172085468e-01
5.000000000000000000e+00 7.261428441869115236e-02 9.787156960420251295e-01
5.000000000000000000e+00 7.238408237719730354e-02 9.788968390544334763e-01
5.000000000000000000e+00 7.043862619061964925e-02 9.790779820668418232e-01
5.000000000000000000e+00 7.003954679287353879e-02 9.801648401412915712e-01
5.000000000000000000e+00 7.004835279997129183e-02 9.791685535730458856e-01
6.000000000000000000e+00 1.473081753152346851e-01 9.590616791957250475e-01
6.000000000000000000e+00 1.065972455881307318e-01 9.673942577665066711e-01
6.000000000000000000e+00 9.512890261507374323e-02 9.713794040394891915e-01
6.000000000000000000e+00 9.424054278182164568e-02 9.702925459650394435e-01
6.000000000000000000e+00 8.735037222844918570e-02 9.742776922380219640e-01
6.000000000000000000e+00 8.523463981125652122e-02 9.746399782628385466e-01
6.000000000000000000e+00 8.170460192255617204e-02 9.763608368807172866e-01
6.000000000000000000e+00 8.129854254691855353e-02 9.748211212752467825e-01
6.000000000000000000e+00 7.804633940961913652e-02 9.768136944117380427e-01
6.000000000000000000e+00 7.704567687651799057e-02 9.767231229055338693e-01
6.000000000000000000e+00 7.523138025508824267e-02 9.781722670048003110e-01
6.000000000000000000e+00 7.479465606549504098e-02 9.776288379675753815e-01
6.000000000000000000e+00 7.621136037470208069e-02 9.769042659179422161e-01
6.000000000000000000e+00 7.265726159040412913e-02 9.779911239923919641e-01
6.000000000000000000e+00 7.305490692305084688e-02 9.780816954985961376e-01
7.000000000000000000e+00 1.330611124487516561e-01 9.613259668508287170e-01
7.000000000000000000e+00 1.015105946288767103e-01 9.687528303595688284e-01
7.000000000000000000e+00 9.427244876940074625e-02 9.715605470518974274e-01
7.000000000000000000e+00 9.038542462337731398e-02 9.734625486821846252e-01
7.000000000000000000e+00 8.978402759750991891e-02 9.723756906077347661e-01
7.000000000000000000e+00 8.145521272057346107e-02 9.759079793496965305e-01
7.000000000000000000e+00 8.267457569024105890e-02 9.747305497690426090e-01
7.000000000000000000e+00 7.850795831035328742e-02 9.763608368807172866e-01
7.000000000000000000e+00 7.504161113013158024e-02 9.776288379675753815e-01
7.000000000000000000e+00 7.380779696612173313e-02 9.781722670048003110e-01
7.000000000000000000e+00 7.297426486077644714e-02 9.787156960420251295e-01
7.000000000000000000e+00 7.279697997444004032e-02 9.793496965854542324e-01
7.000000000000000000e+00 7.237698261922402565e-02 9.793496965854542324e-01
7.000000000000000000e+00 7.713203598480619649e-02 9.769948374241463895e-01
7.000000000000000000e+00 7.193910096189240488e-02 9.790779820668418232e-01
8.000000000000000000e+00 1.359569128106623004e-01 9.576125350964586058e-01
8.000000000000000000e+00 9.821039259695528434e-02 9.689339733719771752e-01
8.000000000000000000e+00 9.211408181469490919e-02 9.714699755456933650e-01
8.000000000000000000e+00 8.870286888431289096e-02 9.716511185581016008e-01
8.000000000000000000e+00 9.139901739088433785e-02 9.710171180146726089e-01
8.000000000000000000e+00 8.503511930626488080e-02 9.749116927814509559e-01
8.000000000000000000e+00 7.862163534284881405e-02 9.771759804365546254e-01
8.000000000000000000e+00 7.806246236071809341e-02 9.769948374241463895e-01
8.000000000000000000e+00 7.719800995069726890e-02 9.769948374241463895e-01
8.000000000000000000e+00 7.423862104607646673e-02 9.782628385110044844e-01
8.000000000000000000e+00 7.498573473506930931e-02 9.781722670048003110e-01
8.000000000000000000e+00 7.199490926780988120e-02 9.788062675482293029e-01
8.000000000000000000e+00 7.516078230207229316e-02 9.776288379675753815e-01
8.000000000000000000e+00 7.196717739786848145e-02 9.788062675482293029e-01
8.000000000000000000e+00 7.109026008405418262e-02 9.794402680916584059e-01
9.000000000000000000e+00 1.424465283671982607e-01 9.563445340096006220e-01
9.000000000000000000e+00 1.048956738252917187e-01 9.661262566796485762e-01
9.000000000000000000e+00 9.687027863074756939e-02 9.693868309029979313e-01
9.000000000000000000e+00 8.929290889977140044e-02 9.720134045829181835e-01
9.000000000000000000e+00 8.556682687869517079e-02 9.728285481387555222e-01
9.000000000000000000e+00 8.196063521865551427e-02 9.746399782628385466e-01
9.000000000000000000e+00 8.019128372191504373e-02 9.753645503124717120e-01
9.000000000000000000e+00 7.891985743114328378e-02 9.750928357938593027e-01
9.000000000000000000e+00 7.490742385434229211e-02 9.778099809799837283e-01
9.000000000000000000e+00 7.339092164135332941e-02 9.782628385110044844e-01
9.000000000000000000e+00 7.269947155639455705e-02 9.779005524861877907e-01
9.000000000000000000e+00 7.333323919175543937e-02 9.775382664613712080e-01
9.000000000000000000e+00 7.445996643254433611e-02 9.787156960420251295e-01
9.000000000000000000e+00 7.148844039876338374e-02 9.785345530296168937e-01
9.000000000000000000e+00 7.006656697295489400e-02 9.779005524861877907e-01
1.000000000000000000e+01 1.429593433550723769e-01 9.572502490716420231e-01
1.000000000000000000e+01 1.238797066865541807e-01 9.585182501585001180e-01
1.000000000000000000e+01 9.709753289144634758e-02 9.683905443347522457e-01
1.000000000000000000e+01 9.358829470707787090e-02 9.700208314464269233e-01
1.000000000000000000e+01 8.774137602762936694e-02 9.724662621139389396e-01
1.000000000000000000e+01 8.291880175229404681e-02 9.749116927814509559e-01
1.000000000000000000e+01 8.007592808041170962e-02 9.760891223621048773e-01
1.000000000000000000e+01 7.809660283325466079e-02 9.766325513993298069e-01
1.000000000000000000e+01 7.665577058948132294e-02 9.761796938683090508e-01
1.000000000000000000e+01 7.555890927233793741e-02 9.771759804365546254e-01
1.000000000000000000e+01 7.556987241427477742e-02 9.773571234489629722e-01
1.000000000000000000e+01 7.437693305650885933e-02 9.779005524861877907e-01
1.000000000000000000e+01 7.482543995607023046e-02 9.773571234489629722e-01
1.000000000000000000e+01 7.316887864859698831e-02 9.778099809799837283e-01
1.000000000000000000e+01 7.608894414909977977e-02 9.770854089303505630e-01
1.100000000000000000e+01 2.076753043647354136e-01 9.454759532651028087e-01
1.100000000000000000e+01 1.311634659901021738e-01 9.602391087763789690e-01
1.100000000000000000e+01 1.095134231610519759e-01 9.636808260121365599e-01
1.100000000000000000e+01 9.806804772446840734e-02 9.691151163843855221e-01
1.100000000000000000e+01 9.303098589735213364e-02 9.717416900643057742e-01
1.100000000000000000e+01 9.389384977627145135e-02 9.699302599402228608e-01
1.100000000000000000e+01 8.723219873725060469e-02 9.724662621139389396e-01
1.100000000000000000e+01 8.471772070999812609e-02 9.721039760891223569e-01
1.100000000000000000e+01 8.960573870591051482e-02 9.689339733719771752e-01
1.100000000000000000e+01 8.060959651280237559e-02 9.736436916945928610e-01
1.100000000000000000e+01 8.452415425884626798e-02 9.721945475953265303e-01
1.100000000000000000e+01 8.916375999790904228e-02 9.697491169278145140e-01
1.100000000000000000e+01 8.509945930303053352e-02 9.731908341635721049e-01
1.100000000000000000e+01 7.598735319555120771e-02 9.771759804365546254e-01
1.100000000000000000e+01 7.360157057738764275e-02 9.780816954985961376e-01
1.200000000000000000e+01 1.396079268171106780e-01 9.555293904537632832e-01
1.200000000000000000e+01 1.071511102585133157e-01 9.655828276424236467e-01
1.200000000000000000e+01 9.677213620005806205e-02 9.688434018657730018e-01
1.200000000000000000e+01 9.506945391515488064e-02 9.692962593967937579e-01
1.200000000000000000e+01 8.957076476409063515e-02 9.713794040394891915e-01
1.200000000000000000e+01 8.762602776613109823e-02 9.715605470518974274e-01
1.200000000000000000e+01 8.242469597082709154e-02 9.738248347070012079e-01
1.200000000000000000e+01 8.142333897898190731e-02 9.744588352504301998e-01
1.200000000000000000e+01 7.733429473793569653e-02 9.763608368807172866e-01
1.200000000000000000e+01 7.894139451088473536e-02 9.761796938683090508e-01
1.200000000000000000e+01 7.501018147611379638e-02 9.773571234489629722e-01
1.200000000000000000e+01 7.696073679227107001e-02 9.761796938683090508e-01
1.200000000000000000e+01 7.333255474778305194e-02 9.776288379675753815e-01
1.200000000000000000e+01 7.347986769854249200e-02 9.779911239923919641e-01
1.200000000000000000e+01 7.238558429689113949e-02 9.782628385110044844e-01
1.300000000000000000e+01 1.281509443146954530e-01 9.625033964314826385e-01
1.300000000000000000e+01 9.890161442299866268e-02 9.692962593967937579e-01
1.300000000000000000e+01 9.346117358946760822e-02 9.711076895208767823e-01
1.300000000000000000e+01 8.753415742562710433e-02 9.736436916945928610e-01
1.300000000000000000e+01 8.992597666392380951e-02 9.701114029526310967e-01
1.300000000000000000e+01 8.259259818759459582e-02 9.733719771759804518e-01
1.300000000000000000e+01 7.867225994752365115e-02 9.764514083869214600e-01
1.300000000000000000e+01 7.752765877076461809e-02 9.773571234489629722e-01
1.300000000000000000e+01 7.578059316908597465e-02 9.768136944117380427e-01
1.300000000000000000e+01 7.348115437909970293e-02 9.782628385110044844e-01
1.300000000000000000e+01 7.206920939675903748e-02 9.784439815234127202e-01
1.300000000000000000e+01 7.022440738798145510e-02 9.790779820668418232e-01
1.300000000000000000e+01 7.065867335957021211e-02 9.797119826102708151e-01
1.300000000000000000e+01 6.896013065393299946e-02 9.799836971288832244e-01
1.300000000000000000e+01 6.863663440309014652e-02 9.806176976723123273e-01
1.400000000000000000e+01 2.175985784388791422e-01 9.453853817588986352e-01
1.400000000000000000e+01 1.278669359138159267e-01 9.571596775654379607e-01
1.400000000000000000e+01 1.170862186688713252e-01 9.585182501585001180e-01
1.400000000000000000e+01 1.006550950734869526e-01 9.663979711982609855e-01
1.400000000000000000e+01 1.094342987988807803e-01 9.592428222081332834e-01
1.400000000000000000e+01 1.068807482257982805e-01 9.598768227515623863e-01
1.400000000000000000e+01 9.728795943133676516e-02 9.640431120369531426e-01
1.400000000000000000e+01 8.629338447851023219e-02 9.723756906077347661e-01
1.400000000000000000e+01 9.199326902204058021e-02 9.670319717416900884e-01
1.400000000000000000e+01 8.702129195461912048e-02 9.697491169278145140e-01
1.400000000000000000e+01 8.684690470936803908e-02 9.706548319898560262e-01
1.400000000000000000e+01 8.682328160610211509e-02 9.692056878905895845e-01
1.400000000000000000e+01 7.892398630990084263e-02 9.744588352504301998e-01
1.400000000000000000e+01 8.414632132387334096e-02 9.720134045829181835e-01
1.400000000000000000e+01 7.934723742653429501e-02 9.738248347070012079e-01
1.500000000000000000e+01 1.365626265876223877e-01 9.598768227515623863e-01
1.500000000000000000e+01 9.753945860377506716e-02 9.708359750022642620e-01
1.500000000000000000e+01 9.417142621977389605e-02 9.700208314464269233e-01
1.500000000000000000e+01 8.848561699465049002e-02 9.734625486821846252e-01
1.500000000000000000e+01 8.904432537630280198e-02 9.718322615705099476e-01
1.500000000000000000e+01 8.215298749563007541e-02 9.757268363372882947e-01
1.500000000000000000e+01 8.219516514311735189e-02 9.753645503124717120e-01
1.500000000000000000e+01 8.023231258515509112e-02 9.754551218186758854e-01
1.500000000000000000e+01 7.768970292616131368e-02 9.772665519427587988e-01
1.500000000000000000e+01 7.669847375008007062e-02 9.775382664613712080e-01
1.500000000000000000e+01 8.448589483529429789e-02 9.740059777194094437e-01
1.500000000000000000e+01 7.407286328269900577e-02 9.783534100172085468e-01
1.500000000000000000e+01 7.872279234245012358e-02 9.769948374241463895e-01
1.500000000000000000e+01 7.301862681703752411e-02 9.783534100172085468e-01
1.500000000000000000e+01 7.304338474305704931e-02 9.780816954985961376e-01
1.600000000000000000e+01 1.344823894839891620e-01 9.596051082329498660e-01
1.600000000000000000e+01 9.908962856195914493e-02 9.690245448781813487e-01
1.600000000000000000e+01 9.118454102771984815e-02 9.722851191015307037e-01
1.600000000000000000e+01 9.240060517723085176e-02 9.718322615705099476e-01
1.600000000000000000e+01 8.497688122103203012e-02 9.732814056697762783e-01
1.600000000000000000e+01 8.901185891577517717e-02 9.721039760891223569e-01
1.600000000000000000e+01 8.167376007081462996e-02 9.745494067566343732e-01
1.600000000000000000e+01 7.875895072704777733e-02 9.762702653745132242e-01
1.600000000000000000e+01 7.759718896298438418e-02 9.763608368807172866e-01
1.600000000000000000e+01 7.752110227400423048e-02 9.754551218186758854e-01
1.600000000000000000e+01 7.584338678090922492e-02 9.763608368807172866e-01
1.600000000000000000e+01 7.436731933680845730e-02 9.770854089303505630e-01
1.600000000000000000e+01 7.271055992584511685e-02 9.775382664613712080e-01
1.600000000000000000e+01 7.326677944787299279e-02 9.775382664613712080e-01
1.600000000000000000e+01 7.091308040327058693e-02 9.788062675482293029e-01
1.700000000000000000e+01 1.402347298964037037e-01 9.611448238384204812e-01
1.700000000000000000e+01 1.021230782086903904e-01 9.681188298161398365e-01
1.700000000000000000e+01 9.270331855586964875e-02 9.709265465084684354e-01
1.700000000000000000e+01 9.002185751417796089e-02 9.715605470518974274e-01
1.700000000000000000e+01 8.490074180984465146e-02 9.754551218186758854e-01
1.700000000000000000e+01 8.144855105317402866e-02 9.759079793496965305e-01
1.700000000000000000e+01 8.021408311093183863e-02 9.750928357938593027e-01
1.700000000000000000e+01 7.642807580876405382e-02 9.765419798931256334e-01
1.700000000000000000e+01 7.933421893028796967e-02 9.767231229055338693e-01
1.700000000000000000e+01 7.439111765486784711e-02 9.779911239923919641e-01
1.700000000000000000e+01 7.281486006350633422e-02 9.785345530296168937e-01
1.700000000000000000e+01 7.313677288828333845e-02 9.784439815234127202e-01
1.700000000000000000e+01 7.106168162937111232e-02 9.783534100172085468e-01
1.700000000000000000e+01 7.078577371170827193e-02 9.788968390544334763e-01
1.700000000000000000e+01 7.130929472353271514e-02 9.790779820668418232e-01
1.800000000000000000e+01 2.529985985555595618e-01 9.454759532651028087e-01
1.800000000000000000e+01 1.283873768749300703e-01 9.631373969749117414e-01
1.800000000000000000e+01 1.105427468206722635e-01 9.649488270989946548e-01
1.800000000000000000e+01 1.034534746416663209e-01 9.689339733719771752e-01
1.800000000000000000e+01 9.499573391493364161e-02 9.689339733719771752e-01
1.800000000000000000e+01 8.560995196962452314e-02 9.724662621139389396e-01
1.800000000000000000e+01 8.204834223597984311e-02 9.744588352504301998e-01
1.800000000000000000e+01 1.017557118608605066e-01 9.617788243818494731e-01
1.800000000000000000e+01 9.429799763691876224e-02 9.656733991486278201e-01
1.800000000000000000e+01 8.037204555961148522e-02 9.741871207318177905e-01
1.800000000000000000e+01 8.004749771768505939e-02 9.753645503124717120e-01
1.800000000000000000e+01 7.783107796037830317e-02 9.761796938683090508e-01
1.800000000000000000e+01 7.716591199015544744e-02 9.766325513993298069e-01
1.800000000000000000e+01 8.371083014006559797e-02 9.728285481387555222e-01
1.800000000000000000e+01 7.580029882786391837e-02 9.768136944117380427e-01
1.900000000000000000e+01 1.497631149721334598e-01 9.564351055158046844e-01
1.900000000000000000e+01 1.056468584847160969e-01 9.679376868037316006e-01
1.900000000000000000e+01 9.251114120977210753e-02 9.725568336201431130e-01
1.900000000000000000e+01 8.805788828855262707e-02 9.739154062132052703e-01
1.900000000000000000e+01 8.430518841330578161e-02 9.745494067566343732e-01
1.900000000000000000e+01 8.139463348767586592e-02 9.763608368807172866e-01
1.900000000000000000e+01 8.009037798056686808e-02 9.757268363372882947e-01
1.900000000000000000e+01 8.010598794130822931e-02 9.756362648310841212e-01
1.900000000000000000e+01 7.650164611503226797e-02 9.771759804365546254e-01
1.900000000000000000e+01 7.453916805816164504e-02 9.779911239923919641e-01
1.900000000000000000e+01 7.328828779669012417e-02 9.779911239923919641e-01
1.900000000000000000e+01 7.196408994552076777e-02 9.782628385110044844e-01
1.900000000000000000e+01 7.225303255126422353e-02 9.791685535730458856e-01
1.900000000000000000e+01 7.011444952290132870e-02 9.793496965854542324e-01
1.900000000000000000e+01 6.982698870838680016e-02 9.807988406847205631e-01
2.000000000000000000e+01 2.103648304244357670e-01 9.523593877366181015e-01
2.000000000000000000e+01 1.199657503403088465e-01 9.635902545059323865e-01
2.000000000000000000e+01 1.185971307654244272e-01 9.610542523322163078e-01
2.000000000000000000e+01 1.023018363669210562e-01 9.685716873471605926e-01
2.000000000000000000e+01 9.123794424680443937e-02 9.708359750022642620e-01
2.000000000000000000e+01 9.424663401648913919e-02 9.682094013223440099e-01
2.000000000000000000e+01 1.104950570318697090e-01 9.576125350964586058e-01
2.000000000000000000e+01 8.920365713052549883e-02 9.708359750022642620e-01
2.000000000000000000e+01 1.042975096913580785e-01 9.610542523322163078e-01
2.000000000000000000e+01 8.858819955300074878e-02 9.703831174712435059e-01
2.000000000000000000e+01 8.166448438620001193e-02 9.754551218186758854e-01
2.000000000000000000e+01 8.248983816156109372e-02 9.737342632007970344e-01
2.000000000000000000e+01 7.900063618066616167e-02 9.765419798931256334e-01
2.000000000000000000e+01 7.535351624987780828e-02 9.783534100172085468e-01
2.000000000000000000e+01 8.077680421594876647e-02 9.754551218186758854e-01
2.100000000000000000e+01 2.351744816258347637e-01 9.460193823023277382e-01
2.100000000000000000e+01 1.334427001759421472e-01 9.617788243818494731e-01
2.100000000000000000e+01 1.087037104839434637e-01 9.675754007789149069e-01
2.100000000000000000e+01 1.069593241586157678e-01 9.678471152975274272e-01
2.100000000000000000e+01 9.876415621583259363e-02 9.667602572230775682e-01
2.100000000000000000e+01 8.833387104000550716e-02 9.727379766325513488e-01
2.100000000000000000e+01 9.088675095865753062e-02 9.692962593967937579e-01
2.100000000000000000e+01 8.866145241592723880e-02 9.704736889774476793e-01
2.100000000000000000e+01 8.212700083918131333e-02 9.763608368807172866e-01
2.100000000000000000e+01 8.763098764551353892e-02 9.696585454216103406e-01
2.100000000000000000e+01 8.064239319542683415e-02 9.742776922380219640e-01
2.100000000000000000e+01 8.143858758930257180e-02 9.739154062132052703e-01
2.100000000000000000e+01 8.140116235170204162e-02 9.742776922380219640e-01
2.100000000000000000e+01 8.163094840767733118e-02 9.756362648310841212e-01
2.100000000000000000e+01 8.255109340501834425e-02 9.733719771759804518e-01
2.200000000000000000e+01 1.885260558836690803e-01 9.483742414636355811e-01
2.200000000000000000e+01 1.133586424954487054e-01 9.645865410741780721e-01
2.200000000000000000e+01 1.008157545108845504e-01 9.681188298161398365e-01
2.200000000000000000e+01 9.760070499735701288e-02 9.678471152975274272e-01
2.200000000000000000e+01 9.648694243037633789e-02 9.698396884340186874e-01
2.200000000000000000e+01 8.597212004887017089e-02 9.738248347070012079e-01
2.200000000000000000e+01 8.447228153269689677e-02 9.746399782628385466e-01
2.200000000000000000e+01 8.562493274089440221e-02 9.717416900643057742e-01
2.200000000000000000e+01 8.578911006799150307e-02 9.730096911511638691e-01
2.200000000000000000e+01 8.179260417248751525e-02 9.744588352504301998e-01
2.200000000000000000e+01 7.941523893278414070e-02 9.753645503124717120e-01
2.200000000000000000e+01 7.793401682070605352e-02 9.771759804365546254e-01
2.200000000000000000e+01 7.418463137457659284e-02 9.787156960420251295e-01
2.200000000000000000e+01 7.618511734861679874e-02 9.766325513993298069e-01
2.200000000000000000e+01 7.374150499634493650e-02 9.780816954985961376e-01
2.300000000000000000e+01 1.513449845153722051e-01 9.565256770220088578e-01
2.300000000000000000e+01 1.054281081362589967e-01 9.679376868037316006e-01
2.300000000000000000e+01 9.435481370437294457e-02 9.711076895208767823e-01
2.300000000000000000e+01 8.632595266815523694e-02 9.749116927814509559e-01
2.300000000000000000e+01 8.425316968040458265e-02 9.755456933248799478e-01
2.300000000000000000e+01 8.236719647787611731e-02 9.756362648310841212e-01
2.300000000000000000e+01 7.684288398863330094e-02 9.778099809799837283e-01
2.300000000000000000e+01 7.862561667039169588e-02 9.759079793496965305e-01
2.300000000000000000e+01 7.464362948076817827e-02 9.783534100172085468e-01
2.300000000000000000e+01 7.279725502589506902e-02 9.793496965854542324e-01
2.300000000000000000e+01 7.434966951504892729e-02 9.771759804365546254e-01
2.300000000000000000e+01 7.207896886779988077e-02 9.793496965854542324e-01
2.300000000000000000e+01 7.055190572103771374e-02 9.798931256226790509e-01
2.300000000000000000e+01 7.034873815021717991e-02 9.795308395978624683e-01
2.300000000000000000e+01 7.520556577727574576e-02 9.764514083869214600e-01
2.400000000000000000e+01 3.639794274677770614e-01 8.516438728376053424e-01
2.400000000000000000e+01 3.456004509902149691e-01 6.956797391540621156e-01
2.400000000000000000e+01 3.010083820504716456e-01 9.489176705008603996e-01
2.400000000000000000e+01 1.126405647232222584e-01 9.674848292727108445e-01
2.400000000000000000e+01 9.376760013891824452e-02 9.729191196449596957e-01
2.400000000000000000e+01 9.222798673528838365e-02 9.727379766325513488e-01
2.400000000000000000e+01 8.540333393678165019e-02 9.742776922380219640e-01
2.400000000000000000e+01 8.511708762993205890e-02 9.734625486821846252e-01
2.400000000000000000e+01 8.406793602141576782e-02 9.733719771759804518e-01
2.400000000000000000e+01 7.929811351627578941e-02 9.752739788062675386e-01
2.400000000000000000e+01 7.840245414297855597e-02 9.749116927814509559e-01
2.400000000000000000e+01 7.542844745363491699e-02 9.773571234489629722e-01
2.400000000000000000e+01 7.658217932654283466e-02 9.769948374241463895e-01
2.400000000000000000e+01 7.607480329494982485e-02 9.770854089303505630e-01
2.400000000000000000e+01 7.440408654531639743e-02 9.784439815234127202e-01
2.500000000000000000e+01 1.572018711040149563e-01 9.543519608731093617e-01
2.500000000000000000e+01 1.021417829981050712e-01 9.704736889774476793e-01
2.500000000000000000e+01 9.243987094872502253e-02 9.732814056697762783e-01
2.500000000000000000e+01 8.213627966374031919e-02 9.746399782628385466e-01
2.500000000000000000e+01 7.823151803847373797e-02 9.769042659179422161e-01
2.500000000000000000e+01 7.620160831773221954e-02 9.777194094737795549e-01
2.500000000000000000e+01 7.329297241265439466e-02 9.786251245358210671e-01
2.500000000000000000e+01 7.416709473349662740e-02 9.770854089303505630e-01
2.500000000000000000e+01 6.960547269893443967e-02 9.803459831536998070e-01
2.500000000000000000e+01 7.027516705550879150e-02 9.793496965854542324e-01
2.500000000000000000e+01 6.957259167351506624e-02 9.806176976723123273e-01
2.500000000000000000e+01 6.763290762302041903e-02 9.808894121909247366e-01
2.500000000000000000e+01 6.649606501399861480e-02 9.810705552033330834e-01
2.500000000000000000e+01 6.905992771467955871e-02 9.798025541164749885e-01
2.500000000000000000e+01 6.833008029808809725e-02 9.803459831536998070e-01
2.600000000000000000e+01 1.635236654002871770e-01 9.557105334661715190e-01
2.600000000000000000e+01 1.125160331925837698e-01 9.666696857168735058e-01
2.600000000000000000e+01 1.034818617490891185e-01 9.682094013223440099e-01
2.600000000000000000e+01 9.052983972411172975e-02 9.717416900643057742e-01
2.600000000000000000e+01 8.410754954758531410e-02 9.740059777194094437e-01
2.600000000000000000e+01 8.239939272334623199e-02 9.744588352504301998e-01
2.600000000000000000e+01 8.219678293457594043e-02 9.737342632007970344e-01
2.600000000000000000e+01 7.791501054605047549e-02 9.754551218186758854e-01
2.600000000000000000e+01 8.344168774882278206e-02 9.731002626573680425e-01
2.600000000000000000e+01 7.829394539226899874e-02 9.757268363372882947e-01
2.600000000000000000e+01 8.301283906349278541e-02 9.736436916945928610e-01
2.600000000000000000e+01 7.248659403196887341e-02 9.768136944117380427e-01
2.600000000000000000e+01 7.808433452443366840e-02 9.740059777194094437e-01
2.600000000000000000e+01 7.509341475063671667e-02 9.759985508559007039e-01
2.600000000000000000e+01 7.696552801226821949e-02 9.750022642876551293e-01
2.700000000000000000e+01 1.749341757282087961e-01 9.515442441807807628e-01
2.700000000000000000e+01 1.162037216268112932e-01 9.648582555927904814e-01
2.700000000000000000e+01 9.582170942629018862e-02 9.716511185581016008e-01
2.700000000000000000e+01 9.560216361000140051e-02 9.711076895208767823e-01
2.700000000000000000e+01 8.443902923202029065e-02 9.741871207318177905e-01
2.700000000000000000e+01 8.427902622642868824e-02 9.737342632007970344e-01
2.700000000000000000e+01 8.016046615951764875e-02 9.740059777194094437e-01
2.700000000000000000e+01 8.291896450166322263e-02 9.737342632007970344e-01
2.700000000000000000e+01 7.627469047047132078e-02 9.758174078434924681e-01
2.700000000000000000e+01 7.508279434716605416e-02 9.778099809799837283e-01
2.700000000000000000e+01 7.539701248772864850e-02 9.757268363372882947e-01
2.700000000000000000e+01 7.298446718608687933e-02 9.780816954985961376e-01
2.700000000000000000e+01 6.978069377623483116e-02 9.798025541164749885e-01
2.700000000000000000e+01 7.409032898981143811e-02 9.772665519427587988e-01
2.700000000000000000e+01 7.259928429393409932e-02 9.777194094737795549e-01
2.800000000000000000e+01 1.579242219563180560e-01 9.497328140566977384e-01
2.800000000000000000e+01 1.121964540481896477e-01 9.671225432478942619e-01
2.800000000000000000e+01 9.742422151787080709e-02 9.693868309029979313e-01
2.800000000000000000e+01 8.869478538088337860e-02 9.719228330767141211e-01
2.800000000000000000e+01 8.383343335661531948e-02 9.731002626573680425e-01
2.800000000000000000e+01 8.130709788519370484e-02 9.731002626573680425e-01
2.800000000000000000e+01 7.795135145653678266e-02 9.748211212752467825e-01
2.800000000000000000e+01 8.022416120149945817e-02 9.731002626573680425e-01
2.800000000000000000e+01 7.401290498498530601e-02 9.774476949551671456e-01
2.800000000000000000e+01 7.370180773824910880e-02 9.772665519427587988e-01
2.800000000000000000e+01 7.338379155906808726e-02 9.773571234489629722e-01
2.800000000000000000e+01 7.447349105071442155e-02 9.764514083869214600e-01
2.800000000000000000e+01 7.380494972432927181e-02 9.774476949551671456e-01
2.800000000000000000e+01 7.357858752487664300e-02 9.772665519427587988e-01
2.800000000000000000e+01 7.222113960700299318e-02 9.779911239923919641e-01
2.900000000000000000e+01 2.077930892196563351e-01 9.450230957340820526e-01
2.900000000000000000e+01 1.320258727653729480e-01 9.602391087763789690e-01
2.900000000000000000e+01 1.043658548103761213e-01 9.710171180146726089e-01
2.900000000000000000e+01 9.636254466633566163e-02 9.721039760891223569e-01
2.900000000000000000e+01 9.089314789536449835e-02 9.724662621139389396e-01
2.900000000000000000e+01 8.767050120427154203e-02 9.740059777194094437e-01
2.900000000000000000e+01 8.916789112298882658e-02 9.716511185581016008e-01
2.900000000000000000e+01 8.130120946341770627e-02 9.761796938683090508e-01
2.900000000000000000e+01 8.632640870177846204e-02 9.711982610270808447e-01
2.900000000000000000e+01 8.628467005229006892e-02 9.720134045829181835e-01
2.900000000000000000e+01 8.387674187746385623e-02 9.732814056697762783e-01
2.900000000000000000e+01 8.102096104207377747e-02 9.758174078434924681e-01
2.900000000000000000e+01 7.835416845204337677e-02 9.749116927814509559e-01
2.900000000000000000e+01 7.457312420133316300e-02 9.771759804365546254e-01
2.900000000000000000e+01 7.482125478134218910e-02 9.771759804365546254e-01
3.000000000000000000e+01 1.750637518307574247e-01 9.404945204238746026e-01
3.000000000000000000e+01 1.323816255318054913e-01 9.561633909971922751e-01
3.000000000000000000e+01 1.061685420094675425e-01 9.657639706548319936e-01
3.000000000000000000e+01 9.771836810381652472e-02 9.699302599402228608e-01
3.000000000000000000e+01 8.656860523269915841e-02 9.742776922380219640e-01
3.000000000000000000e+01 8.583958483875572809e-02 9.741871207318177905e-01
3.000000000000000000e+01 8.343883730077850114e-02 9.737342632007970344e-01
3.000000000000000000e+01 8.191689536683138817e-02 9.746399782628385466e-01
3.000000000000000000e+01 7.827060340913905012e-02 9.749116927814509559e-01
3.000000000000000000e+01 8.094237853793880000e-02 9.734625486821846252e-01
3.000000000000000000e+01 7.689543403972044777e-02 9.754551218186758854e-01
3.000000000000000000e+01 7.715361903597639515e-02 9.750022642876551293e-01
3.000000000000000000e+01 7.809044219962171796e-02 9.752739788062675386e-01
3.000000000000000000e+01 7.350959412019525407e-02 9.774476949551671456e-01
3.000000000000000000e+01 7.301936840397472983e-02 9.785345530296168937e-01
3.100000000000000000e+01 1.956676047937265794e-01 9.404039489176705402e-01
3.100000000000000000e+01 1.293702850924298708e-01 9.592428222081332834e-01
3.100000000000000000e+01 1.095109217930789886e-01 9.663073996920569231e-01
3.100000000000000000e+01 9.357640437789915833e-02 9.723756906077347661e-01
3.100000000000000000e+01 9.005803729190800522e-02 9.720134045829181835e-01
3.100000000000000000e+01 9.015499553262491805e-02 9.702019744588352701e-01
3.100000000000000000e+01 8.351444931913624969e-02 9.716511185581016008e-01
3.100000000000000000e+01 8.210667350551600907e-02 9.723756906077347661e-01
3.100000000000000000e+01 8.128620971430000619e-02 9.722851191015307037e-01
3.100000000000000000e+01 7.995264777925342736e-02 9.723756906077347661e-01
3.100000000000000000e+01 7.984103494970030968e-02 9.726474051263472864e-01
3.100000000000000000e+01 7.851621742873625409e-02 9.740059777194094437e-01
3.100000000000000000e+01 7.729718868536883392e-02 9.748211212752467825e-01
3.100000000000000000e+01 7.661554629504027658e-02 9.753645503124717120e-01
3.100000000000000000e+01 7.857630178125603326e-02 9.742776922380219640e-01
3.200000000000000000e+01 3.731265571345228627e-01 8.142378407752920433e-01
3.200000000000000000e+01 3.482566523749357490e-01 8.688524590163934080e-01
3.200000000000000000e+01 3.361850380719902942e-01 8.849741871207318367e-01
3.200000000000000000e+01 3.319760519782665176e-01 8.890499048999185305e-01
3.200000000000000000e+01 1.626609190909999447e-01 9.630468254687075680e-01
3.200000000000000000e+01 1.055742149679794878e-01 9.721039760891223569e-01
3.200000000000000000e+01 9.219032330611770520e-02 9.740965492256136171e-01
3.200000000000000000e+01 8.590881221205108609e-02 9.758174078434924681e-01
3.200000000000000000e+01 7.912863045759863101e-02 9.784439815234127202e-01
3.200000000000000000e+01 8.062355332130319296e-02 9.768136944117380427e-01
3.200000000000000000e+01 7.646469695070598482e-02 9.791685535730458856e-01
3.200000000000000000e+01 7.627038258464542697e-02 9.779911239923919641e-01
3.200000000000000000e+01 7.550806048037045359e-02 9.786251245358210671e-01
3.200000000000000000e+01 7.436594842420643503e-02 9.778099809799837283e-01
3.200000000000000000e+01 7.430410327257148950e-02 9.797119826102708151e-01
3.300000000000000000e+01 1.683377582868689770e-01 9.473779548953898955e-01
3.300000000000000000e+01 1.194664337357089490e-01 9.632279684811158038e-01
3.300000000000000000e+01 1.043650937742848367e-01 9.660356851734444028e-01
3.300000000000000000e+01 9.044129214292036256e-02 9.726474051263472864e-01
3.300000000000000000e+01 8.350053718621285037e-02 9.753645503124717120e-01
3.300000000000000000e+01 8.239196521855991773e-02 9.758174078434924681e-01
3.300000000000000000e+01 7.891153027824951427e-02 9.768136944117380427e-01
3.300000000000000000e+01 7.728259863626107951e-02 9.769042659179422161e-01
3.300000000000000000e+01 7.796373368751771671e-02 9.763608368807172866e-01
3.300000000000000000e+01 7.753987321736122151e-02 9.765419798931256334e-01
3.300000000000000000e+01 7.677267395013209761e-02 9.773571234489629722e-01
3.300000000000000000e+01 7.232536484627508089e-02 9.792591250792500590e-01
3.300000000000000000e+01 7.187326884005991456e-02 9.796214111040666417e-01
3.300000000000000000e+01 7.327275335240568399e-02 9.783534100172085468e-01
3.300000000000000000e+01 7.773659360525569939e-02 9.768136944117380427e-01
3.400000000000000000e+01 1.910180012561769614e-01 9.371433746943211851e-01
3.400000000000000000e+01 1.258122555170907708e-01 9.588805361833167007e-01
3.400000000000000000e+01 9.536621864478352084e-02 9.729191196449596957e-01
3.400000000000000000e+01 8.851234247606044880e-02 9.729191196449596957e-01
3.400000000000000000e+01 8.312677425019823763e-02 9.743682637442260264e-01
3.400000000000000000e+01 8.038712117135871082e-02 9.750928357938593027e-01
3.400000000000000000e+01 7.686320461645261559e-02 9.774476949551671456e-01
3.400000000000000000e+01 7.492226356443579260e-02 9.784439815234127202e-01
3.400000000000000000e+01 7.247105091375555252e-02 9.792591250792500590e-01
3.400000000000000000e+01 7.807745298117511890e-02 9.756362648310841212e-01
3.400000000000000000e+01 7.230634340540131877e-02 9.779005524861877907e-01
3.400000000000000000e+01 7.119922122530232544e-02 9.789874105606376498e-01
3.400000000000000000e+01 6.972260733954338541e-02 9.807988406847205631e-01
3.400000000000000000e+01 7.057614108698577471e-02 9.784439815234127202e-01
3.400000000000000000e+01 6.816546997418462817e-02 9.796214111040666417e-01
3.500000000000000000e+01 2.182635304334168691e-01 9.327959423965220820e-01
3.500000000000000000e+01 1.263792250696891273e-01 9.564351055158046844e-01
3.500000000000000000e+01 9.981464721724424283e-02 9.681188298161398365e-01
3.500000000000000000e+01 8.816324303324370171e-02 9.733719771759804518e-01
3.500000000000000000e+01 8.388831418397559025e-02 9.734625486821846252e-01
3.500000000000000000e+01 7.906810903633734733e-02 9.761796938683090508e-01
3.500000000000000000e+01 7.838539764371829643e-02 9.756362648310841212e-01
3.500000000000000000e+01 7.490697778302500554e-02 9.767231229055338693e-01
3.500000000000000000e+01 7.606791713186433768e-02 9.756362648310841212e-01
3.500000000000000000e+01 7.385268264550444439e-02 9.772665519427587988e-01
3.500000000000000000e+01 7.354052371103265984e-02 9.766325513993298069e-01
3.500000000000000000e+01 7.437007889189416188e-02 9.759985508559007039e-01
3.500000000000000000e+01 7.347204687374214727e-02 9.782628385110044844e-01
3.500000000000000000e+01 7.117781381310549216e-02 9.780816954985961376e-01
3.500000000000000000e+01 7.424882732061048596e-02 9.768136944117380427e-01
3.600000000000000000e+01 1.895421413235411912e-01 9.385019472873833424e-01
3.600000000000000000e+01 1.234819224032978474e-01 9.618693958880536465e-01
3.600000000000000000e+01 9.542647806420218037e-02 9.702925459650394435e-01
3.600000000000000000e+01 8.749319869210236966e-02 9.726474051263472864e-01
3.600000000000000000e+01 8.430532268474684454e-02 9.731908341635721049e-01
3.600000000000000000e+01 8.182047102588203835e-02 9.734625486821846252e-01
3.600000000000000000e+01 7.764307313060220261e-02 9.752739788062675386e-01
3.600000000000000000e+01 7.778659819890317018e-02 9.750022642876551293e-01
3.600000000000000000e+01 7.479665373200787559e-02 9.763608368807172866e-01
3.600000000000000000e+01 7.383861301085663242e-02 9.770854089303505630e-01
3.600000000000000000e+01 7.188009032155923128e-02 9.779911239923919641e-01
3.600000000000000000e+01 7.083899752155656260e-02 9.776288379675753815e-01
3.600000000000000000e+01 7.044516672199387097e-02 9.779911239923919641e-01
3.600000000000000000e+01 6.955906594055111247e-02 9.792591250792500590e-01
3.600000000000000000e+01 6.782572385047989927e-02 9.798931256226790509e-01
3.700000000000000000e+01 2.102564724557132725e-01 9.394982338556290280e-01
3.700000000000000000e+01 1.247372359649937257e-01 9.606919663073997251e-01
3.700000000000000000e+01 1.076214910680965142e-01 9.650393986051988282e-01
3.700000000000000000e+01 9.668052052478190439e-02 9.700208314464269233e-01
3.700000000000000000e+01 9.039907047256631745e-02 9.695679739154061672e-01
3.700000000000000000e+01 8.590767475813310128e-02 9.710171180146726089e-01
3.700000000000000000e+01 8.553215255137383566e-02 9.710171180146726089e-01
3.700000000000000000e+01 8.435583108673679054e-02 9.700208314464269233e-01
3.700000000000000000e+01 7.919175193068293817e-02 9.752739788062675386e-01
3.700000000000000000e+01 7.376040098480581009e-02 9.776288379675753815e-01
3.700000000000000000e+01 7.481625641892290790e-02 9.766325513993298069e-01
3.700000000000000000e+01 7.640598806040198310e-02 9.767231229055338693e-01
3.700000000000000000e+01 7.385040251070705553e-02 9.777194094737795549e-01
3.700000000000000000e+01 7.676823633038765138e-02 9.756362648310841212e-01
3.700000000000000000e+01 6.997857094428136526e-02 9.787156960420251295e-01
3.800000000000000000e+01 2.247455827323799893e-01 9.408568064486912963e-01
3.800000000000000000e+01 1.265639813037400807e-01 9.634091114935241507e-01
3.800000000000000000e+01 1.016482148383037604e-01 9.683905443347522457e-01
3.800000000000000000e+01 9.416469783571053409e-02 9.703831174712435059e-01
3.800000000000000000e+01 9.138260255915353625e-02 9.696585454216103406e-01
3.800000000000000000e+01 8.798342137357967330e-02 9.704736889774476793e-01
3.800000000000000000e+01 8.409566847890297125e-02 9.706548319898560262e-01
3.800000000000000000e+01 8.120026651139501672e-02 9.725568336201431130e-01
3.800000000000000000e+01 8.320708660559125724e-02 9.702019744588352701e-01
3.800000000000000000e+01 7.633426748306323950e-02 9.740059777194094437e-01
3.800000000000000000e+01 8.571262094118349550e-02 9.704736889774476793e-01
3.800000000000000000e+01 7.528005862337190657e-02 9.764514083869214600e-01
3.800000000000000000e+01 7.413081387112990805e-02 9.774476949551671456e-01
3.800000000000000000e+01 7.293088373769693322e-02 9.782628385110044844e-01
3.800000000000000000e+01 7.586293034360253040e-02 9.764514083869214600e-01
3.900000000000000000e+01 1.949753958963107159e-01 9.415813784983244616e-01
3.900000000000000000e+01 1.354457447565892980e-01 9.573408205778461966e-01
3.900000000000000000e+01 1.048983320940559266e-01 9.678471152975274272e-01
3.900000000000000000e+01 9.386186278302094399e-02 9.700208314464269233e-01
3.900000000000000000e+01 8.676094159480653156e-02 9.714699755456933650e-01
3.900000000000000000e+01 8.436637849658035204e-02 9.700208314464269233e-01
3.900000000000000000e+01 7.987533048835349092e-02 9.743682637442260264e-01
3.900000000000000000e+01 7.920612909875789087e-02 9.763608368807172866e-01
3.900000000000000000e+01 7.947822717288260952e-02 9.754551218186758854e-01
3.900000000000000000e+01 7.463708732695556458e-02 9.769948374241463895e-01
3.900000000000000000e+01 7.431081622061863623e-02 9.764514083869214600e-01
3.900000000000000000e+01 7.085813251219755249e-02 9.781722670048003110e-01
3.900000000000000000e+01 7.134581247952939687e-02 9.780816954985961376e-01
3.900000000000000000e+01 7.180013461389588014e-02 9.775382664613712080e-01
3.900000000000000000e+01 7.447407327082535000e-02 9.765419798931256334e-01
4.000000000000000000e+01 2.458311442176188133e-01 9.275427950366814667e-01
4.000000000000000000e+01 1.609879300592579054e-01 9.446608097092654699e-01
4.000000000000000000e+01 1.238550749186545091e-01 9.625033964314826385e-01
4.000000000000000000e+01 1.087790821650901768e-01 9.677565437913232538e-01
4.000000000000000000e+01 9.982333788219395487e-02 9.692962593967937579e-01
4.000000000000000000e+01 9.808804137203969153e-02 9.688434018657730018e-01
4.000000000000000000e+01 9.037416428118352774e-02 9.698396884340186874e-01
4.000000000000000000e+01 8.815532636146022893e-02 9.710171180146726089e-01
4.000000000000000000e+01 7.760943825464791668e-02 9.764514083869214600e-01
4.000000000000000000e+01 7.918126242323447750e-02 9.751834073000633651e-01
4.000000000000000000e+01 7.757779733373539044e-02 9.754551218186758854e-01
4.000000000000000000e+01 7.674820257434307458e-02 9.759985508559007039e-01
4.000000000000000000e+01 7.535991454228239961e-02 9.766325513993298069e-01
4.000000000000000000e+01 7.403769388201995871e-02 9.773571234489629722e-01
4.000000000000000000e+01 7.333731427121716051e-02 9.779005524861877907e-01
4.100000000000000000e+01 2.243840612006370305e-01 9.301693687166017188e-01
4.100000000000000000e+01 1.373119945710054857e-01 9.563445340096006220e-01
4.100000000000000000e+01 1.106665051222822382e-01 9.650393986051988282e-01
4.100000000000000000e+01 1.050181146940602633e-01 9.652205416176070640e-01
4.100000000000000000e+01 9.274371106987680524e-02 9.680282583099356630e-01
4.100000000000000000e+01 8.634081294429266085e-02 9.710171180146726089e-01
4.100000000000000000e+01 8.542036782403254758e-02 9.720134045829181835e-01
4.100000000000000000e+01 8.336354389280364874e-02 9.727379766325513488e-01
4.100000000000000000e+01 8.511649328894932420e-02 9.724662621139389396e-01
4.100000000000000000e+01 8.792839238435239124e-02 9.713794040394891915e-01
4.100000000000000000e+01 7.332337892436077698e-02 9.770854089303505630e-01
4.100000000000000000e+01 7.254836834552870484e-02 9.773571234489629722e-01
4.100000000000000000e+01 7.412777961024590023e-02 9.762702653745132242e-01
4.100000000000000000e+01 7.564701487826033799e-02 9.746399782628385466e-01
4.100000000000000000e+01 7.433212999527678833e-02 9.760891223621048773e-01
4.200000000000000000e+01 2.946108993720443769e-01 9.310750837786432310e-01
4.200000000000000000e+01 1.580087333831244611e-01 9.540802463544968415e-01
4.200000000000000000e+01 1.315155223406956064e-01 9.608731093198079609e-01
4.200000000000000000e+01 1.181302296719004274e-01 9.652205416176070640e-01
4.200000000000000000e+01 1.062008956597097764e-01 9.657639706548319936e-01
4.200000000000000000e+01 1.088015478079902149e-01 9.605108232949913782e-01
4.200000000000000000e+01 9.753584945482876578e-02 9.635902545059323865e-01
4.200000000000000000e+01 9.251527067997065978e-02 9.676659722851190804e-01
4.200000000000000000e+01 9.267641127830583692e-02 9.704736889774476793e-01
4.200000000000000000e+01 8.490329266663029784e-02 9.732814056697762783e-01
4.200000000000000000e+01 8.803868768977128612e-02 9.715605470518974274e-01
4.200000000000000000e+01 7.901019183515023414e-02 9.748211212752467825e-01
4.200000000000000000e+01 7.820498312440520017e-02 9.759079793496965305e-01
4.200000000000000000e+01 7.659082069015508976e-02 9.762702653745132242e-01
4.200000000000000000e+01 7.428460613730092366e-02 9.770854089303505630e-01
4.300000000000000000e+01 2.112154797645549031e-01 9.379585182501585239e-01
4.300000000000000000e+01 1.398988304317339837e-01 9.584276786522959446e-01
4.300000000000000000e+01 1.166484015906079919e-01 9.642242550493614894e-01
4.300000000000000000e+01 1.002954446715029480e-01 9.675754007789149069e-01
4.300000000000000000e+01 9.596940061635027275e-02 9.661262566796485762e-01
4.300000000000000000e+01 9.149079196279473469e-02 9.670319717416900884e-01
4.300000000000000000e+01 8.952886412911326142e-02 9.673036862603024977e-01
4.300000000000000000e+01 8.445292198913513515e-02 9.717416900643057742e-01
4.300000000000000000e+01 8.681460363651281875e-02 9.708359750022642620e-01
4.300000000000000000e+01 7.843508381845817889e-02 9.749116927814509559e-01
4.300000000000000000e+01 7.890701343581789373e-02 9.751834073000633651e-01
4.300000000000000000e+01 7.763811283962386567e-02 9.748211212752467825e-01
4.300000000000000000e+01 7.516986906954079006e-02 9.761796938683090508e-01
4.300000000000000000e+01 7.432150369824253033e-02 9.766325513993298069e-01
4.300000000000000000e+01 7.309549927348150955e-02 9.763608368807172866e-01
4.400000000000000000e+01 2.093653121730534028e-01 9.365999456570962556e-01
4.400000000000000000e+01 1.409780305557860602e-01 9.564351055158046844e-01
4.400000000000000000e+01 1.139262204136174683e-01 9.653111131238112375e-01
4.400000000000000000e+01 9.989202573336665447e-02 9.686622588533647660e-01
4.400000000000000000e+01 9.620136727728442749e-02 9.665791142106693323e-01
4.400000000000000000e+01 8.890346368449510150e-02 9.697491169278145140e-01
4.400000000000000000e+01 8.697978508217363292e-02 9.721039760891223569e-01
4.400000000000000000e+01 8.113370620567107727e-02 9.740059777194094437e-01
4.400000000000000000e+01 7.678758543446978502e-02 9.769948374241463895e-01
4.400000000000000000e+01 7.614087490678102255e-02 9.767231229055338693e-01
4.400000000000000000e+01 7.917054672348168565e-02 9.747305497690426090e-01
4.400000000000000000e+01 7.306690754759744000e-02 9.779005524861877907e-01
4.400000000000000000e+01 7.234870881963388622e-02 9.787156960420251295e-01
4.400000000000000000e+01 7.135893827754849483e-02 9.788968390544334763e-01
4.400000000000000000e+01 7.527195329727796869e-02 9.765419798931256334e-01
4.500000000000000000e+01 2.281937506212247668e-01 9.278145095552938759e-01
4.500000000000000000e+01 1.455977080712377025e-01 9.553482474413549363e-01
4.500000000000000000e+01 1.151103234017898935e-01 9.639525405307490802e-01
4.500000000000000000e+01 1.117155011557092598e-01 9.652205416176070640e-01
4.500000000000000000e+01 9.989123400560885602e-02 9.677565437913232538e-01
4.500000000000000000e+01 9.376928452271079961e-02 9.700208314464269233e-01
4.500000000000000000e+01 9.125958463197035575e-02 9.702925459650394435e-01
4.500000000000000000e+01 8.958509461581742883e-02 9.709265465084684354e-01
4.500000000000000000e+01 8.314031562201361358e-02 9.750928357938593027e-01
4.500000000000000000e+01 8.360780515422887305e-02 9.721945475953265303e-01
4.500000000000000000e+01 8.122711190625402089e-02 9.738248347070012079e-01
4.500000000000000000e+01 7.580255160341808907e-02 9.760891223621048773e-01
4.500000000000000000e+01 7.910132212793312412e-02 9.738248347070012079e-01
4.500000000000000000e+01 7.756971389436952136e-02 9.752739788062675386e-01
4.500000000000000000e+01 7.510826836981879251e-02 9.763608368807172866e-01
4.600000000000000000e+01 2.135407224974400497e-01 9.326147993841137351e-01
4.600000000000000000e+01 1.413951040303312590e-01 9.534462458110678496e-01
4.600000000000000000e+01 1.162138489134925401e-01 9.625033964314826385e-01
4.600000000000000000e+01 1.025441421773645029e-01 9.663073996920569231e-01
4.600000000000000000e+01 9.637720829052087712e-02 9.660356851734444028e-01
4.600000000000000000e+01 9.218695101453698582e-02 9.673036862603024977e-01
4.600000000000000000e+01 8.883733325794820890e-02 9.683905443347522457e-01
4.600000000000000000e+01 8.634752747670539075e-02 9.725568336201431130e-01
4.600000000000000000e+01 8.376738915296630394e-02 9.739154062132052703e-01
4.600000000000000000e+01 8.002953229442161254e-02 9.744588352504301998e-01
4.600000000000000000e+01 7.881053886768028816e-02 9.752739788062675386e-01
4.600000000000000000e+01 7.615541460515540262e-02 9.758174078434924681e-01
4.600000000000000000e+01 8.042803240909658646e-02 9.742776922380219640e-01
4.600000000000000000e+01 7.783627680482986533e-02 9.754551218186758854e-01
4.600000000000000000e+01 7.759580463021845120e-02 9.759985508559007039e-01
4.700000000000000000e+01 2.515002305519841719e-01 9.214745041210035126e-01
4.700000000000000000e+01 1.743015054369970729e-01 9.442079521782447138e-01
4.700000000000000000e+01 1.398962017149455450e-01 9.540802463544968415e-01
4.700000000000000000e+01 1.191020403230352437e-01 9.625033964314826385e-01
4.700000000000000000e+01 1.059534268406374935e-01 9.667602572230775682e-01
4.700000000000000000e+01 1.049314605951815749e-01 9.660356851734444028e-01
4.700000000000000000e+01 9.584577930207410779e-02 9.677565437913232538e-01
4.700000000000000000e+01 9.550330858457765915e-02 9.693868309029979313e-01
4.700000000000000000e+01 9.138630687078583281e-02 9.711076895208767823e-01
4.700000000000000000e+01 8.947197700725997849e-02 9.721039760891223569e-01
4.700000000000000000e+01 8.466464731127128218e-02 9.729191196449596957e-01
4.700000000000000000e+01 9.121818374724414979e-02 9.717416900643057742e-01
4.700000000000000000e+01 8.133146997275154944e-02 9.747305497690426090e-01
4.700000000000000000e+01 7.614123303833837675e-02 9.756362648310841212e-01
4.700000000000000000e+01 7.435793202417016745e-02 9.766325513993298069e-01
4.800000000000000000e+01 2.422682799863869751e-01 9.228330767140657809e-01
4.800000000000000000e+01 1.684656890745367397e-01 9.454759532651028087e-01
4.800000000000000000e+01 1.187816179791958554e-01 9.644959695679738987e-01
4.800000000000000000e+01 1.042393540221749210e-01 9.668508287292817416e-01
4.800000000000000000e+01 9.693280953653148069e-02 9.687528303595688284e-01
4.800000000000000000e+01 9.064467491475976246e-02 9.724662621139389396e-01
4.800000000000000000e+01 8.833967264314419865e-02 9.735531201883886876e-01
4.800000000000000000e+01 8.198054022159349807e-02 9.752739788062675386e-01
4.800000000000000000e+01 7.879200417673487555e-02 9.762702653745132242e-01
4.800000000000000000e+01 7.623676296217429815e-02 9.775382664613712080e-01
4.800000000000000000e+01 8.141623672203293638e-02 9.743682637442260264e-01
4.800000000000000000e+01 7.259024316204912286e-02 9.780816954985961376e-01
4.800000000000000000e+01 7.076606028676463156e-02 9.790779820668418232e-01
4.800000000000000000e+01 7.076819740863404817e-02 9.784439815234127202e-01
4.800000000000000000e+01 7.313999465565113045e-02 9.772665519427587988e-01
4.900000000000000000e+01 3.066999556911599867e-01 9.151344986867131492e-01
4.900000000000000000e+01 1.719238939183337922e-01 9.496422425504935649e-01
4.900000000000000000e+01 1.385793407452342585e-01 9.603296802825831424e-01
4.900000000000000000e+01 1.258583875441964262e-01 9.624128249252784650e-01
4.900000000000000000e+01 1.096985066041849533e-01 9.645865410741780721e-01
4.900000000000000000e+01 1.043778420067832946e-01 9.663073996920569231e-01
4.900000000000000000e+01 9.160011224001397834e-02 9.741871207318177905e-01
4.900000000000000000e+01 9.749814080723684384e-02 9.708359750022642620e-01
4.900000000000000000e+01 9.180410691255255773e-02 9.710171180146726089e-01
4.900000000000000000e+01 8.146210674029576160e-02 9.752739788062675386e-01
4.900000000000000000e+01 8.490632455433240466e-02 9.741871207318177905e-01
4.900000000000000000e+01 8.196394484122097868e-02 9.750928357938593027e-01
4.900000000000000000e+01 8.270351753477800383e-02 9.748211212752467825e-01
4.900000000000000000e+01 9.264081156863704369e-02 9.709265465084684354e-01
4.900000000000000000e+01 8.074334249346076797e-02 9.761796938683090508e-01
5.000000000000000000e+01 2.404570109451658888e-01 9.250067928629652769e-01
5.000000000000000000e+01 1.576794914312396323e-01 9.538085318358844322e-01
5.000000000000000000e+01 1.319368269936313232e-01 9.624128249252784650e-01
5.000000000000000000e+01 1.115656154061368394e-01 9.657639706548319936e-01
5.000000000000000000e+01 1.052705476011621955e-01 9.663073996920569231e-01
5.000000000000000000e+01 1.035903998715562851e-01 9.654016846300154109e-01
5.000000000000000000e+01 9.670084762357737673e-02 9.688434018657730018e-01
5.000000000000000000e+01 9.691943660387304649e-02 9.702925459650394435e-01
5.000000000000000000e+01 9.045196758893166156e-02 9.731002626573680425e-01
5.000000000000000000e+01 8.673399573219532643e-02 9.729191196449596957e-01
5.000000000000000000e+01 8.123420579482790171e-02 9.743682637442260264e-01
5.000000000000000000e+01 8.590368664985778557e-02 9.738248347070012079e-01
5.000000000000000000e+01 8.415379632143173139e-02 9.728285481387555222e-01
5.000000000000000000e+01 7.582527980463972528e-02 9.754551218186758854e-01
5.000000000000000000e+01 7.967492516850635531e-02 9.746399782628385466e-01
5.100000000000000000e+01 2.169925358118345304e-01 9.346073725206049954e-01
5.100000000000000000e+01 1.416184195745774643e-01 9.603296802825831424e-01
5.100000000000000000e+01 1.168911716052691424e-01 9.644053980617697253e-01
5.100000000000000000e+01 1.034165343811571935e-01 9.662168281858527497e-01
5.100000000000000000e+01 9.985838054367504601e-02 9.659451136672403404e-01
5.100000000000000000e+01 9.562016287695442041e-02 9.669414002354859150e-01
5.100000000000000000e+01 9.147545032131808307e-02 9.685716873471605926e-01
5.100000000000000000e+01 8.778430151928169611e-02 9.719228330767141211e-01
5.100000000000000000e+01 8.276556869014982387e-02 9.754551218186758854e-01
5.100000000000000000e+01 7.983618459761669672e-02 9.767231229055338693e-01
5.100000000000000000e+01 7.721163890145940623e-02 9.758174078434924681e-01
5.100000000000000000e+01 7.772138243038077821e-02 9.759985508559007039e-01
5.100000000000000000e+01 7.695778488812618501e-02 9.763608368807172866e-01
5.100000000000000000e+01 7.311542989995331587e-02 9.783534100172085468e-01
5.100000000000000000e+01 7.335914433164422710e-02 9.770854089303505630e-01
5.200000000000000000e+01 2.391507323392536299e-01 9.260936509374151360e-01
5.200000000000000000e+01 1.525529226815835193e-01 9.554388189475591098e-01
5.200000000000000000e+01 1.183410621928027706e-01 9.647676840865863079e-01
5.200000000000000000e+01 1.054160364203633876e-01 9.668508287292817416e-01
5.200000000000000000e+01 1.023330697529902661e-01 9.647676840865863079e-01
5.200000000000000000e+01 9.642139664770439655e-02 9.661262566796485762e-01
5.200000000000000000e+01 9.386652046132461236e-02 9.668508287292817416e-01
5.200000000000000000e+01 8.770812805003219692e-02 9.722851191015307037e-01
5.200000000000000000e+01 8.439299112054156338e-02 9.732814056697762783e-01
5.200000000000000000e+01 7.748605478603212693e-02 9.766325513993298069e-01
5.200000000000000000e+01 7.679841878913326592e-02 9.757268363372882947e-01
5.200000000000000000e+01 7.277762761573912387e-02 9.776288379675753815e-01
5.200000000000000000e+01 8.052108610708993974e-02 9.746399782628385466e-01
5.200000000000000000e+01 7.764909026418713445e-02 9.753645503124717120e-01
5.200000000000000000e+01 7.689637899083814898e-02 9.764514083869214600e-01
5.300000000000000000e+01 2.613129509322032473e-01 9.294447966669685535e-01
5.300000000000000000e+01 1.643654591827627132e-01 9.523593877366181015e-01
5.300000000000000000e+01 1.237817118174355385e-01 9.643148265555656629e-01
5.300000000000000000e+01 1.126177339992846110e-01 9.653111131238112375e-01
5.300000000000000000e+01 1.097990047840809724e-01 9.619599673942578200e-01
5.300000000000000000e+01 9.999144486498719175e-02 9.670319717416900884e-01
5.300000000000000000e+01 9.124366483486921753e-02 9.707454034960600886e-01
5.300000000000000000e+01 9.010200988384825527e-02 9.710171180146726089e-01
5.300000000000000000e+01 8.136669629573618778e-02 9.747305497690426090e-01
5.300000000000000000e+01 8.412981746691716722e-02 9.734625486821846252e-01
5.300000000000000000e+01 7.677865614969150987e-02 9.773571234489629722e-01
5.300000000000000000e+01 7.180858156206193499e-02 9.790779820668418232e-01
5.300000000000000000e+01 7.171078756874040006e-02 9.784439815234127202e-01
5.300000000000000000e+01 7.642178401137310340e-02 9.776288379675753815e-01
5.300000000000000000e+01 6.974473795389597719e-02 9.790779820668418232e-01
5.400000000000000000e+01 2.439255149686368196e-01 9.277239380490897025e-01
5.400000000000000000e+01 1.601468496470667413e-01 9.538991033420886057e-01
5.400000000000000000e+01 1.301946250589264831e-01 9.600579657639706221e-01
5.400000000000000000e+01 1.196937172058155641e-01 9.616882528756452997e-01
5.400000000000000000e+01 1.074163051104169292e-01 9.655828276424236467e-01
5.400000000000000000e+01 1.014676094838498355e-01 9.655828276424236467e-01
5.400000000000000000e+01 9.693847148424561411e-02 9.654922561362195843e-01
5.400000000000000000e+01 1.002008655847577562e-01 9.648582555927904814e-01
5.400000000000000000e+01 9.383890849536288825e-02 9.687528303595688284e-01
5.400000000000000000e+01 8.907469259609161749e-02 9.717416900643057742e-01
5.400000000000000000e+01 8.066512461207098195e-02 9.744588352504301998e-01
5.400000000000000000e+01 7.865939077229093523e-02 9.745494067566343732e-01
5.400000000000000000e+01 7.906057997614127086e-02 9.746399782628385466e-01
5.400000000000000000e+01 7.418509650156952795e-02 9.765419798931256334e-01
5.400000000000000000e+01 7.551876988423292247e-02 9.768136944117380427e-01
5.500000000000000000e+01 2.673356717021646012e-01 9.151344986867131492e-01
5.500000000000000000e+01 1.814501058881560491e-01 9.406756634362829494e-01
5.500000000000000000e+01 1.392460418882172368e-01 9.556199619599673456e-01
5.500000000000000000e+01 1.130279277720353387e-01 9.661262566796485762e-01
5.500000000000000000e+01 1.040163996789755380e-01 9.685716873471605926e-01
5.500000000000000000e+01 9.956687508341800774e-02 9.682094013223440099e-01
5.500000000000000000e+01 9.474800265300115099e-02 9.717416900643057742e-01
5.500000000000000000e+01 9.356418600708495126e-02 9.709265465084684354e-01
5.500000000000000000e+01 9.491432408805836052e-02 9.690245448781813487e-01
5.500000000000000000e+01 8.633762583593883322e-02 9.739154062132052703e-01
5.500000000000000000e+01 8.327515542827830519e-02 9.735531201883886876e-01
5.500000000000000000e+01 7.929933692098911635e-02 9.764514083869214600e-01
5.500000000000000000e+01 7.800811240186407425e-02 9.768136944117380427e-01
5.500000000000000000e+01 7.843969186658700243e-02 9.757268363372882947e-01
5.500000000000000000e+01 8.926813188094696871e-02 9.722851191015307037e-01
5.600000000000000000e+01 2.399114302787343223e-01 9.247350783443528677e-01
5.600000000000000000e+01 1.679503597373194768e-01 9.505479576125350771e-01
5.600000000000000000e+01 1.302301190080490112e-01 9.617788243818494731e-01
5.600000000000000000e+01 1.174720154736518113e-01 9.634091114935241507e-01
5.600000000000000000e+01 1.068177562840064154e-01 9.656733991486278201e-01
5.600000000000000000e+01 1.000597452489658257e-01 9.671225432478942619e-01
5.600000000000000000e+01 9.969273914084231247e-02 9.673942577665066711e-01
5.600000000000000000e+01 9.276822011084560893e-02 9.724662621139389396e-01
5.600000000000000000e+01 8.976088785292374306e-02 9.731908341635721049e-01
5.600000000000000000e+01 8.567983686225030815e-02 9.742776922380219640e-01
5.600000000000000000e+01 8.554407258661402003e-02 9.729191196449596957e-01
5.600000000000000000e+01 8.179220674209393416e-02 9.740965492256136171e-01
5.600000000000000000e+01 8.490350511150612789e-02 9.733719771759804518e-01
5.600000000000000000e+01 7.886649702334645740e-02 9.751834073000633651e-01
5.600000000000000000e+01 7.495025384338756258e-02 9.773571234489629722e-01
5.700000000000000000e+01 2.440640028055429123e-01 9.259125079250067891e-01
5.700000000000000000e+01 1.471503467049979919e-01 9.598768227515623863e-01
5.700000000000000000e+01 1.164559902672794856e-01 9.682094013223440099e-01
5.700000000000000000e+01 1.034638061056937786e-01 9.694774024092021047e-01
5.700000000000000000e+01 9.349334646725777909e-02 9.721039760891223569e-01
5.700000000000000000e+01 8.995625439749968533e-02 9.703831174712435059e-01
5.700000000000000000e+01 8.765609216443015494e-02 9.720134045829181835e-01
5.700000000000000000e+01 9.639619319225442573e-02 9.695679739154061672e-01
5.700000000000000000e+01 8.202819406946679215e-02 9.760891223621048773e-01
5.700000000000000000e+01 7.990811498098343568e-02 9.767231229055338693e-01
5.700000000000000000e+01 8.007457379234705908e-02 9.761796938683090508e-01
5.700000000000000000e+01 7.792797790860768459e-02 9.773571234489629722e-01
5.700000000000000000e+01 7.488055308440380586e-02 9.780816954985961376e-01
5.700000000000000000e+01 7.588236846446219652e-02 9.768136944117380427e-01
5.700000000000000000e+01 7.592738372795408697e-02 9.773571234489629722e-01
5.800000000000000000e+01 2.881957223898003462e-01 9.287202246173353881e-01
5.800000000000000000e+01 1.458548696958351376e-01 9.650393986051988282e-01
5.800000000000000000e+01 1.146696075143165405e-01 9.680282583099356630e-01
5.800000000000000000e+01 1.082333501451001184e-01 9.679376868037316006e-01
5.800000000000000000e+01 1.008203527951788553e-01 9.693868309029979313e-01
5.800000000000000000e+01 9.821696960286123435e-02 9.692056878905895845e-01
5.800000000000000000e+01 9.407661017083641941e-02 9.708359750022642620e-01
5.800000000000000000e+01 1.072083147346767212e-01 9.657639706548319936e-01
5.800000000000000000e+01 9.389865291019498794e-02 9.696585454216103406e-01
5.800000000000000000e+01 9.026667292606806170e-02 9.702925459650394435e-01
5.800000000000000000e+01 8.578403221629120334e-02 9.721039760891223569e-01
5.800000000000000000e+01 1.028621249791493025e-01 9.668508287292817416e-01
5.800000000000000000e+01 9.665310082408515302e-02 9.699302599402228608e-01
5.800000000000000000e+01 7.975912072022567356e-02 9.747305497690426090e-01
5.800000000000000000e+01 8.016566473243490198e-02 9.735531201883886876e-01
5.900000000000000000e+01 2.150156908966319169e-01 9.446608097092654699e-01
5.900000000000000000e+01 1.376856862440329621e-01 9.634091114935241507e-01
5.900000000000000000e+01 1.098579009242217075e-01 9.687528303595688284e-01
5.900000000000000000e+01 1.040610474734414564e-01 9.682999728285481833e-01
5.900000000000000000e+01 9.564990880231737103e-02 9.702019744588352701e-01
5.900000000000000000e+01 9.604308271428207977e-02 9.676659722851190804e-01
5.900000000000000000e+01 9.133746907860114395e-02 9.709265465084684354e-01
5.900000000000000000e+01 9.084505078809414214e-02 9.692962593967937579e-01
5.900000000000000000e+01 8.806848961035025625e-02 9.713794040394891915e-01
5.900000000000000000e+01 8.375296560495393283e-02 9.734625486821846252e-01
5.900000000000000000e+01 8.113835387935207366e-02 9.747305497690426090e-01
5.900000000000000000e+01 8.075243596794798306e-02 9.738248347070012079e-01
5.900000000000000000e+01 7.708090846551644837e-02 9.758174078434924681e-01
5.900000000000000000e+01 7.493587528690219546e-02 9.764514083869214600e-01
5.900000000000000000e+01 6.984947990817996777e-02 9.787156960420251295e-01
