0.000000000000000000e+00 3.697689265281420834e-01 8.777284666243999611e-01
0.000000000000000000e+00 3.658464169978962177e-01 8.803550403043202133e-01
0.000000000000000000e+00 3.637120060171818436e-01 8.843401865773027337e-01
0.000000000000000000e+00 3.646732450515844937e-01 8.822570419346074111e-01
0.000000000000000000e+00 3.586773710009591443e-01 8.828004709718322296e-01
0.000000000000000000e+00 3.576037979977110814e-01 8.841590435648944979e-01
0.000000000000000000e+00 3.596638609221498584e-01 8.828910424780364030e-01
0.000000000000000000e+00 3.539222248255664005e-01 8.864233312199981674e-01
0.000000000000000000e+00 3.544048347286829492e-01 8.876913323068562622e-01
0.000000000000000000e+00 3.521661814142992841e-01 8.879630468254686715e-01
0.000000000000000000e+00 3.538085752403444806e-01 8.859704736889774113e-01
0.000000000000000000e+00 3.514066613708037856e-01 8.890499048999185305e-01
0.000000000000000000e+00 3.531386949188884961e-01 8.871479032696313327e-01
0.000000000000000000e+00 3.502873641548502337e-01 8.877819038130604357e-01
0.000000000000000000e+00 3.495251953849946025e-01 8.867856172448147500e-01
1.000000000000000000e+00 2.701306574669503635e-01 9.283579385925188054e-01
1.000000000000000000e+00 1.802989872946416383e-01 9.441173806720405404e-01
1.000000000000000000e+00 1.734455940345868696e-01 9.411285209673037055e-01
1.000000000000000000e+00 1.621719130347186455e-01 9.429399510913866189e-01
1.000000000000000000e+00 1.911047704473511355e-01 9.269087944932524747e-01
1.000000000000000000e+00 1.596978321647676835e-01 9.395888053618332014e-01
1.000000000000000000e+00 1.585481989992200968e-01 9.402228059052621933e-01
1.000000000000000000e+00 1.574051892027562571e-01 9.390453763246082719e-01
1.000000000000000000e+00 1.500218126454471446e-01 9.444796666968571230e-01
1.000000000000000000e+00 1.587386485332889785e-01 9.382302327687709331e-01
1.000000000000000000e+00 1.449305168514221365e-01 9.462005253147359740e-01
1.000000000000000000e+00 1.567783686744883276e-01 9.397699483742414373e-01
1.000000000000000000e+00 1.486987390604593562e-01 9.442079521782447138e-01
1.000000000000000000e+00 1.416673690807394581e-01 9.468345258581649659e-01
1.000000000000000000e+00 1.487962287146313012e-01 9.447513812154696433e-01
2.000000000000000000e+00 1.980526941069407909e-01 9.434833801286115484e-01
2.000000000000000000e+00 1.276203087180808882e-01 9.600579657639706221e-01
2.000000000000000000e+00 1.142724885628622761e-01 9.625939679376868119e-01
2.000000000000000000e+00 1.106233327418889856e-01 9.634091114935241507e-01
2.000000000000000000e+00 1.218986916756378269e-01 9.573408205778461966e-01
2.000000000000000000e+00 1.085849078895443215e-01 9.608731093198079609e-01
2.000000000000000000e+00 1.003161681324729049e-01 9.677565437913232538e-01
2.000000000000000000e+00 1.012381101906687647e-01 9.648582555927904814e-01
2.000000000000000000e+00 9.920204459162096366e-02 9.664885427044651589e-01
2.000000000000000000e+00 1.042069521320058145e-01 9.634091114935241507e-01
2.000000000000000000e+00 9.930864093314104024e-02 9.664885427044651589e-01
2.000000000000000000e+00 1.024181852904715861e-01 9.630468254687075680e-01
2.000000000000000000e+00 9.350353041691907008e-02 9.691151163843855221e-01
2.000000000000000000e+00 1.035591715478577229e-01 9.632279684811158038e-01
2.000000000000000000e+00 1.016821740861111045e-01 9.616882528756452997e-01
3.000000000000000000e+00 1.751760609860653906e-01 9.468345258581649659e-01
3.000000000000000000e+00 1.252302808176516125e-01 9.623222534190744026e-01
3.000000000000000000e+00 1.157451101016446909e-01 9.618693958880536465e-01
3.000000000000000000e+00 1.129270400809987834e-01 9.618693958880536465e-01
3.000000000000000000e+00 9.825361029205346985e-02 9.692962593967937579e-01
3.000000000000000000e+00 9.613116485632916541e-02 9.688434018657730018e-01
3.000000000000000000e+00 9.388919935611102219e-02 9.692056878905895845e-01
3.000000000000000000e+00 9.399649890470632152e-02 9.684811158409564191e-01
3.000000000000000000e+00 8.842446206507856288e-02 9.715605470518974274e-01
3.000000000000000000e+00 8.891180922540627141e-02 9.696585454216103406e-01
3.000000000000000000e+00 8.890818894215773982e-02 9.680282583099356630e-01
3.000000000000000000e+00 8.962154895712463876e-02 9.690245448781813487e-01
3.000000000000000000e+00 8.320518611782208585e-02 9.733719771759804518e-01
3.000000000000000000e+00 8.206744667797521986e-02 9.728285481387555222e-01
3.000000000000000000e+00 8.243451291414505278e-02 9.731908341635721049e-01
4.000000000000000000e+00 1.739499415008299021e-01 9.453853817588986352e-01
4.000000000000000000e+00 1.232910063632542408e-01 9.634996829997283241e-01
4.000000000000000000e+00 1.196895799562725793e-01 9.598768227515623863e-01
4.000000000000000000e+00 1.016405702301850927e-01 9.667602572230775682e-01
4.000000000000000000e+00 9.638784349151723052e-02 9.682094013223440099e-01
4.000000000000000000e+00 9.580696365758101241e-02 9.683905443347522457e-01
4.000000000000000000e+00 9.930054798010683192e-02 9.655828276424236467e-01
4.000000000000000000e+00 8.911884871973693723e-02 9.690245448781813487e-01
4.000000000000000000e+00 8.569035796926913195e-02 9.729191196449596957e-01
4.000000000000000000e+00 8.545145810683071885e-02 9.711982610270808447e-01
4.000000000000000000e+00 8.320169526502727009e-02 9.726474051263472864e-01
4.000000000000000000e+00 8.520038051048041405e-02 9.723756906077347661e-01
4.000000000000000000e+00 8.278583723688770490e-02 9.735531201883886876e-01
4.000000000000000000e+00 7.869104884544556033e-02 9.757268363372882947e-01
4.000000000000000000e+00 8.931641455982455846e-02 9.709265465084684354e-01
5.000000000000000000e+00 2.495966348153219050e-01 9.377773752377501770e-01
5.000000000000000000e+00 1.579456749107546742e-01 9.525405307490263374e-01
5.000000000000000000e+00 1.322358593931299564e-01 9.581559641336835353e-01
5.000000000000000000e+00 1.262169771028573972e-01 9.601485372701747956e-01
5.000000000000000000e+00 1.191192084047862365e-01 9.584276786522959446e-01
5.000000000000000000e+00 1.168896631909682737e-01 9.594239652205416302e-01
5.000000000000000000e+00 1.133766416802589050e-01 9.603296802825831424e-01
5.000000000000000000e+00 1.037795986523560032e-01 9.638619690245449068e-01
5.000000000000000000e+00 9.888829503781225438e-02 9.653111131238112375e-01
5.000000000000000000e+00 9.790159408055341961e-02 9.649488270989946548e-01
5.000000000000000000e+00 9.137855858910520768e-02 9.696585454216103406e-01
5.000000000000000000e+00 9.355506655749841471e-02 9.659451136672403404e-01
5.000000000000000000e+00 8.968589736019343117e-02 9.682999728285481833e-01
5.000000000000000000e+00 8.678099145319377594e-02 9.712888325332850181e-01
5.000000000000000000e+00 8.685580967186895540e-02 9.716511185581016008e-01
6.000000000000000000e+00 3.681443133851259875e-01 7.327234851915587210e-01
6.000000000000000000e+00 3.513482291690863679e-01 8.689430305225975815e-01
6.000000000000000000e+00 3.413507413974572469e-01 8.491078706638891527e-01
6.000000000000000000e+00 2.522081100054698877e-01 9.535368173172720230e-01
6.000000000000000000e+00 1.377596100505275589e-01 9.650393986051988282e-01
6.000000000000000000e+00 1.278668819977854254e-01 9.592428222081332834e-01
6.000000000000000000e+00 1.083586503835169274e-01 9.660356851734444028e-01
6.000000000000000000e+00 1.000893160383504038e-01 9.683905443347522457e-01
6.000000000000000000e+00 1.024299989668592259e-01 9.654922561362195843e-01
6.000000000000000000e+00 9.533613035055034379e-02 9.705642604836518528e-01
6.000000000000000000e+00 9.002872684031340555e-02 9.734625486821846252e-01
6.000000000000000000e+00 9.046891308383968322e-02 9.727379766325513488e-01
6.000000000000000000e+00 8.454968315516382671e-02 9.750022642876551293e-01
6.000000000000000000e+00 8.913193996652787887e-02 9.714699755456933650e-01
6.000000000000000000e+00 7.887922063723699917e-02 9.765419798931256334e-01
7.000000000000000000e+00 1.939297746686304558e-01 9.482836699574314077e-01
7.000000000000000000e+00 1.372154359744740815e-01 9.594239652205416302e-01
7.000000000000000000e+00 1.201250472981662543e-01 9.629562539625033946e-01
7.000000000000000000e+00 1.119029447718485337e-01 9.618693958880536465e-01
7.000000000000000000e+00 1.055105306831513740e-01 9.656733991486278201e-01
7.000000000000000000e+00 1.092485473234864335e-01 9.603296802825831424e-01
7.000000000000000000e+00 1.018882937456396659e-01 9.624128249252784650e-01
7.000000000000000000e+00 9.663369414754802156e-02 9.658545421610361670e-01
7.000000000000000000e+00 9.658005974311678621e-02 9.658545421610361670e-01
7.000000000000000000e+00 9.289839585719139592e-02 9.672131147540983243e-01
7.000000000000000000e+00 9.376786138594231379e-02 9.650393986051988282e-01
7.000000000000000000e+00 9.039933265549567054e-02 9.678471152975274272e-01
7.000000000000000000e+00 9.048251535907723964e-02 9.683905443347522457e-01
7.000000000000000000e+00 8.316677342639093584e-02 9.740059777194094437e-01
7.000000000000000000e+00 8.339937930642143948e-02 9.733719771759804518e-01
8.000000000000000000e+00 2.456491102816112937e-01 9.307127977538266483e-01
8.000000000000000000e+00 1.701806739828759518e-01 9.434833801286115484e-01
8.000000000000000000e+00 1.378202968002050499e-01 9.569785345530296139e-01
8.000000000000000000e+00 1.284661359401985115e-01 9.574313920840503700e-01
8.000000000000000000e+00 1.250534891648837910e-01 9.577031066026627792e-01
8.000000000000000000e+00 1.186001956747742142e-01 9.586993931709084649e-01
8.000000000000000000e+00 1.205750909704603885e-01 9.575219635902545434e-01
8.000000000000000000e+00 1.114217628366576951e-01 9.611448238384204812e-01
8.000000000000000000e+00 1.087631399759173556e-01 9.615071098632370639e-01
8.000000000000000000e+00 1.077304453229785824e-01 9.618693958880536465e-01
8.000000000000000000e+00 1.046747246725516917e-01 9.635902545059323865e-01
8.000000000000000000e+00 1.097995706323590392e-01 9.595145367267458036e-01
8.000000000000000000e+00 1.205088991591973663e-01 9.538085318358844322e-01
8.000000000000000000e+00 1.091244648308353632e-01 9.623222534190744026e-01
8.000000000000000000e+00 1.037248077601814061e-01 9.606919663073997251e-01
9.000000000000000000e+00 2.459307913967531678e-01 9.347885155330133422e-01
9.000000000000000000e+00 1.558777499934279054e-01 9.526311022552305108e-01
9.000000000000000000e+00 1.392418812181871468e-01 9.558916764785798659e-01
9.000000000000000000e+00 1.420045160214617741e-01 9.523593877366181015e-01
9.000000000000000000e+00 1.211296709601187988e-01 9.596956797391540395e-01
9.000000000000000000e+00 1.200806231966789900e-01 9.579748211212752995e-01
9.000000000000000000e+00 1.065756835467203123e-01 9.647676840865863079e-01
9.000000000000000000e+00 9.830488068264246759e-02 9.686622588533647660e-01
9.000000000000000000e+00 1.002682936067020164e-01 9.675754007789149069e-01
9.000000000000000000e+00 9.473151594306944423e-02 9.694774024092021047e-01
9.000000000000000000e+00 1.094723075605244372e-01 9.614165383570328904e-01
9.000000000000000000e+00 9.375522724668973462e-02 9.706548319898560262e-01
9.000000000000000000e+00 9.281027730819349508e-02 9.700208314464269233e-01
9.000000000000000000e+00 8.997195859775450333e-02 9.723756906077347661e-01
9.000000000000000000e+00 1.037571673181703485e-01 9.659451136672403404e-01
1.000000000000000000e+01 2.718623514788202078e-01 9.364188026446880198e-01
1.000000000000000000e+01 1.552002872879188200e-01 9.600579657639706221e-01
1.000000000000000000e+01 1.361624332378040259e-01 9.597862512453582129e-01
1.000000000000000000e+01 1.257195741612058548e-01 9.593333937143374568e-01
1.000000000000000000e+01 1.449911590411644968e-01 9.497328140566977384e-01
1.000000000000000000e+01 1.233044377487989979e-01 9.575219635902545434e-01
1.000000000000000000e+01 1.166506551304479361e-01 9.603296802825831424e-01
1.000000000000000000e+01 1.065725766716551781e-01 9.665791142106693323e-01
1.000000000000000000e+01 1.131551397712233370e-01 9.629562539625033946e-01
1.000000000000000000e+01 1.211955214067672593e-01 9.580653926274793619e-01
1.000000000000000000e+01 1.244476873011464840e-01 9.578842496150711261e-01
1.000000000000000000e+01 1.449531371953353964e-01 9.496422425504935649e-01
1.000000000000000000e+01 1.200004429821697055e-01 9.588805361833167007e-01
1.000000000000000000e+01 1.034863465991703035e-01 9.660356851734444028e-01
1.000000000000000000e+01 1.066837321862645765e-01 9.639525405307490802e-01
1.100000000000000000e+01 1.808605936293817551e-01 9.434833801286115484e-01
1.100000000000000000e+01 1.444359517977044371e-01 9.567068200344172046e-01
1.100000000000000000e+01 1.213472333603036746e-01 9.634091114935241507e-01
1.100000000000000000e+01 1.079936229581891227e-01 9.662168281858527497e-01
1.100000000000000000e+01 1.012214670381697684e-01 9.673036862603024977e-01
1.100000000000000000e+01 1.000645551493045127e-01 9.675754007789149069e-01
1.100000000000000000e+01 9.243544233044993785e-02 9.711982610270808447e-01
1.100000000000000000e+01 8.983208834915965002e-02 9.728285481387555222e-01
1.100000000000000000e+01 9.108195776620685302e-02 9.709265465084684354e-01
1.100000000000000000e+01 8.650630774963893876e-02 9.740965492256136171e-01
1.100000000000000000e+01 8.736646497835989789e-02 9.726474051263472864e-01
1.100000000000000000e+01 8.594357651588621638e-02 9.740965492256136171e-01
1.100000000000000000e+01 8.616894673955491357e-02 9.738248347070012079e-01
1.100000000000000000e+01 8.932491891160317110e-02 9.731002626573680425e-01
1.100000000000000000e+01 9.782886641937292571e-02 9.689339733719771752e-01
1.200000000000000000e+01 1.799797808422685941e-01 9.454759532651028087e-01
1.200000000000000000e+01 1.275891163684713114e-01 9.614165383570328904e-01
1.200000000000000000e+01 1.146140455812282855e-01 9.646771125803822455e-01
1.200000000000000000e+01 1.091201463476730443e-01 9.650393986051988282e-01
1.200000000000000000e+01 1.032037862172204418e-01 9.661262566796485762e-01
1.200000000000000000e+01 9.914123527308421613e-02 9.670319717416900884e-01
1.200000000000000000e+01 9.632555198064435276e-02 9.700208314464269233e-01
1.200000000000000000e+01 9.550001651152865978e-02 9.693868309029979313e-01
1.200000000000000000e+01 9.224882857562823057e-02 9.702019744588352701e-01
1.200000000000000000e+01 8.727787851312884815e-02 9.726474051263472864e-01
1.200000000000000000e+01 8.557497979978917479e-02 9.758174078434924681e-01
1.200000000000000000e+01 8.361201724234387789e-02 9.761796938683090508e-01
1.200000000000000000e+01 8.236936158468323443e-02 9.769042659179422161e-01
1.200000000000000000e+01 8.751411176067015740e-02 9.732814056697762783e-01
1.200000000000000000e+01 8.571647961448944364e-02 9.742776922380219640e-01
1.300000000000000000e+01 2.178199752559301094e-01 9.424870935603658628e-01
1.300000000000000000e+01 1.316739745630879088e-01 9.615976813694411263e-01
1.300000000000000000e+01 1.161514797943886540e-01 9.634996829997283241e-01
1.300000000000000000e+01 1.083067977311996805e-01 9.672131147540983243e-01
1.300000000000000000e+01 1.037318678387710580e-01 9.682094013223440099e-01
1.300000000000000000e+01 1.042557381572288416e-01 9.633185399873199772e-01
1.300000000000000000e+01 9.707931071274739088e-02 9.684811158409564191e-01
1.300000000000000000e+01 1.062004167087118589e-01 9.620505389004618824e-01
1.300000000000000000e+01 8.989093932753895733e-02 9.708359750022642620e-01
1.300000000000000000e+01 9.290279157948440336e-02 9.666696857168735058e-01
1.300000000000000000e+01 9.004812045210260074e-02 9.680282583099356630e-01
1.300000000000000000e+01 8.616286541561643531e-02 9.711076895208767823e-01
1.300000000000000000e+01 8.401645807948916744e-02 9.731002626573680425e-01
1.300000000000000000e+01 8.069628694414066050e-02 9.759985508559007039e-01
1.300000000000000000e+01 9.067208159921050226e-02 9.708359750022642620e-01
1.400000000000000000e+01 2.701240680443744990e-01 9.384113757811792800e-01
1.400000000000000000e+01 1.494020805044033451e-01 9.572502490716420231e-01
1.400000000000000000e+01 1.311887258471211015e-01 9.598768227515623863e-01
1.400000000000000000e+01 1.212797709466474222e-01 9.613259668508287170e-01
1.400000000000000000e+01 1.196749190486218750e-01 9.596051082329498660e-01
1.400000000000000000e+01 1.189994013041840853e-01 9.587899646771125273e-01
1.400000000000000000e+01 1.030709837814634822e-01 9.660356851734444028e-01
1.400000000000000000e+01 1.086623425893674943e-01 9.626845394438909853e-01
1.400000000000000000e+01 1.051755587243133894e-01 9.637713975183407333e-01
1.400000000000000000e+01 1.165786963415779837e-01 9.592428222081332834e-01
1.400000000000000000e+01 1.341976751535693402e-01 9.511819581559641801e-01
1.400000000000000000e+01 9.972313632792399740e-02 9.662168281858527497e-01
1.400000000000000000e+01 9.328118201824935063e-02 9.694774024092021047e-01
1.400000000000000000e+01 9.324413714327053904e-02 9.705642604836518528e-01
1.400000000000000000e+01 9.355015816105544113e-02 9.692056878905895845e-01
1.500000000000000000e+01 3.033115490003166492e-01 9.281767955801104586e-01
1.500000000000000000e+01 1.671669536892788910e-01 9.529028167738429200e-01
1.500000000000000000e+01 1.413938649327455555e-01 9.574313920840503700e-01
1.500000000000000000e+01 1.384525989863477635e-01 9.593333937143374568e-01
1.500000000000000000e+01 1.220604028656842033e-01 9.603296802825831424e-01
1.500000000000000000e+01 1.239778809610094235e-01 9.579748211212752995e-01
1.500000000000000000e+01 1.124104671287484425e-01 9.639525405307490802e-01
1.500000000000000000e+01 1.080425989061482295e-01 9.625033964314826385e-01
1.500000000000000000e+01 1.030570450774951352e-01 9.648582555927904814e-01
1.500000000000000000e+01 1.219445190512766369e-01 9.552576759351507629e-01
1.500000000000000000e+01 1.201252180443609235e-01 9.541708178607010149e-01
1.500000000000000000e+01 9.424435128798766548e-02 9.676659722851190804e-01
1.500000000000000000e+01 9.345271966365924221e-02 9.676659722851190804e-01
1.500000000000000000e+01 8.744284007669793357e-02 9.718322615705099476e-01
1.500000000000000000e+01 1.159234903128571054e-01 9.588805361833167007e-01
1.600000000000000000e+01 3.718324905237220257e-01 7.738429490082420203e-01
1.600000000000000000e+01 2.285834416928995971e-01 9.513631011683724159e-01
1.600000000000000000e+01 1.551946857252838041e-01 9.572502490716420231e-01
1.600000000000000000e+01 1.442049602098339212e-01 9.549859614165383537e-01
1.600000000000000000e+01 1.226434895793478141e-01 9.613259668508287170e-01
1.600000000000000000e+01 1.133566919004498214e-01 9.620505389004618824e-01
1.600000000000000000e+01 1.213692114850499354e-01 9.583371071460918822e-01
1.600000000000000000e+01 1.205183370759311257e-01 9.573408205778461966e-01
1.600000000000000000e+01 1.015671677134089290e-01 9.654016846300154109e-01
1.600000000000000000e+01 1.197760401141822195e-01 9.604202517887872048e-01
1.600000000000000000e+01 1.138058282978099134e-01 9.632279684811158038e-01
1.600000000000000000e+01 1.033668694694094559e-01 9.669414002354859150e-01
1.600000000000000000e+01 1.094438888312569691e-01 9.630468254687075680e-01
1.600000000000000000e+01 9.847315125866362706e-02 9.671225432478942619e-01
1.600000000000000000e+01 9.819120244636279915e-02 9.680282583099356630e-01
1.700000000000000000e+01 1.921242888721339248e-01 9.434833801286115484e-01
1.700000000000000000e+01 1.343522766921265710e-01 9.606919663073997251e-01
1.700000000000000000e+01 1.276583871990212005e-01 9.577031066026627792e-01
1.700000000000000000e+01 1.084133682266964355e-01 9.650393986051988282e-01
1.700000000000000000e+01 1.034421071482427429e-01 9.660356851734444028e-01
1.700000000000000000e+01 1.026878899990695398e-01 9.650393986051988282e-01
1.700000000000000000e+01 1.081715363641282401e-01 9.608731093198079609e-01
1.700000000000000000e+01 9.261838123699986380e-02 9.683905443347522457e-01
1.700000000000000000e+01 1.021110655297684106e-01 9.647676840865863079e-01
1.700000000000000000e+01 9.466172085640822687e-02 9.690245448781813487e-01
1.700000000000000000e+01 9.292191158810927942e-02 9.693868309029979313e-01
1.700000000000000000e+01 9.735866763242230493e-02 9.671225432478942619e-01
1.700000000000000000e+01 8.333078899629828284e-02 9.744588352504301998e-01
1.700000000000000000e+01 9.458012089844165804e-02 9.702925459650394435e-01
1.700000000000000000e+01 9.757612205755705759e-02 9.671225432478942619e-01
1.800000000000000000e+01 2.351571973459319065e-01 9.394982338556290280e-01
1.800000000000000000e+01 1.498791356605078950e-01 9.538991033420886057e-01
1.800000000000000000e+01 1.261847640092477185e-01 9.577031066026627792e-01
1.800000000000000000e+01 1.130098470635282210e-01 9.618693958880536465e-01
1.800000000000000000e+01 1.075835320043928289e-01 9.618693958880536465e-01
1.800000000000000000e+01 1.030655851484673646e-01 9.619599673942578200e-01
1.800000000000000000e+01 9.951271197600002061e-02 9.625939679376868119e-01
1.800000000000000000e+01 9.900863217877919897e-02 9.622316819128702292e-01
1.800000000000000000e+01 9.439848789821850272e-02 9.644959695679738987e-01
1.800000000000000000e+01 9.347098006915939561e-02 9.649488270989946548e-01
1.800000000000000000e+01 9.638009377698880664e-02 9.625939679376868119e-01
1.800000000000000000e+01 8.802804081738191400e-02 9.709265465084684354e-01
1.800000000000000000e+01 8.250316187600031936e-02 9.734625486821846252e-01
1.800000000000000000e+01 8.184870388335753477e-02 9.721039760891223569e-01
1.800000000000000000e+01 8.429076484567242511e-02 9.717416900643057742e-01
1.900000000000000000e+01 2.228838137694671151e-01 9.327959423965220820e-01
1.900000000000000000e+01 1.564816129529246203e-01 9.491893850194729199e-01
1.900000000000000000e+01 1.336370146162980388e-01 9.558916764785798659e-01
1.900000000000000000e+01 1.142230492637395789e-01 9.612353953446245436e-01
1.900000000000000000e+01 1.062266141076965292e-01 9.629562539625033946e-01
1.900000000000000000e+01 1.014652592460612429e-01 9.637713975183407333e-01
1.900000000000000000e+01 9.650037360218798044e-02 9.644053980617697253e-01
1.900000000000000000e+01 1.018292049773079355e-01 9.614165383570328904e-01
1.900000000000000000e+01 8.940616934758803536e-02 9.711076895208767823e-01
1.900000000000000000e+01 8.593644459861064788e-02 9.722851191015307037e-01
1.900000000000000000e+01 8.382636004811723496e-02 9.738248347070012079e-01
1.900000000000000000e+01 8.357379703306029584e-02 9.724662621139389396e-01
1.900000000000000000e+01 8.462820883114757775e-02 9.730096911511638691e-01
1.900000000000000000e+01 7.763822836108119629e-02 9.753645503124717120e-01
1.900000000000000000e+01 7.756241979724612379e-02 9.752739788062675386e-01
2.000000000000000000e+01 2.288702640871587701e-01 9.342450864957884127e-01
2.000000000000000000e+01 1.517292802868172308e-01 9.529028167738429200e-01
2.000000000000000000e+01 1.352077990452807410e-01 9.557105334661715190e-01
2.000000000000000000e+01 1.212037428349946183e-01 9.615071098632370639e-01
2.000000000000000000e+01 1.175127429413587443e-01 9.589711076895208741e-01
2.000000000000000000e+01 1.124234235135473381e-01 9.589711076895208741e-01
2.000000000000000000e+01 9.837118359715586735e-02 9.685716873471605926e-01
2.000000000000000000e+01 9.451020002092479222e-02 9.693868309029979313e-01
2.000000000000000000e+01 9.179460841811175331e-02 9.715605470518974274e-01
2.000000000000000000e+01 8.709720268079783334e-02 9.729191196449596957e-01
2.000000000000000000e+01 8.150784196496257961e-02 9.737342632007970344e-01
2.000000000000000000e+01 7.793619699206341678e-02 9.747305497690426090e-01
2.000000000000000000e+01 7.779523525014264695e-02 9.750928357938593027e-01
2.000000000000000000e+01 7.162977852951767088e-02 9.776288379675753815e-01
2.000000000000000000e+01 8.184385273215964707e-02 9.721945475953265303e-01
2.100000000000000000e+01 2.328212364393894007e-01 9.257313649125984423e-01
2.100000000000000000e+01 1.559784692379101723e-01 9.527216737614346842e-01
2.100000000000000000e+01 1.301127076927410808e-01 9.593333937143374568e-01
2.100000000000000000e+01 1.216345591804620652e-01 9.605108232949913782e-01
2.100000000000000000e+01 1.137095226469281989e-01 9.608731093198079609e-01
2.100000000000000000e+01 1.075437490766960047e-01 9.633185399873199772e-01
2.100000000000000000e+01 9.970841008292674612e-02 9.653111131238112375e-01
2.100000000000000000e+01 9.352334949273714837e-02 9.712888325332850181e-01
2.100000000000000000e+01 1.008183736076775777e-01 9.662168281858527497e-01
2.100000000000000000e+01 9.062688013176972701e-02 9.695679739154061672e-01
2.100000000000000000e+01 8.332015264889627848e-02 9.732814056697762783e-01
2.100000000000000000e+01 8.053711364383564497e-02 9.745494067566343732e-01
2.100000000000000000e+01 8.202061401729085488e-02 9.741871207318177905e-01
2.100000000000000000e+01 7.642046745554939569e-02 9.762702653745132242e-01
2.100000000000000000e+01 7.393759598920868203e-02 9.765419798931256334e-01
2.200000000000000000e+01 2.119162951873755918e-01 9.337922289647676566e-01
2.200000000000000000e+01 1.530382749934506847e-01 9.522688162304139281e-01
2.200000000000000000e+01 1.260022994297903820e-01 9.602391087763789690e-01
2.200000000000000000e+01 1.162560735507909837e-01 9.635902545059323865e-01
2.200000000000000000e+01 1.095365448057314811e-01 9.642242550493614894e-01
2.200000000000000000e+01 1.043195048117844109e-01 9.653111131238112375e-01
2.200000000000000000e+01 1.007728431194467311e-01 9.636808260121365599e-01
2.200000000000000000e+01 9.538424056978250798e-02 9.652205416176070640e-01
2.200000000000000000e+01 9.251406979240152373e-02 9.702019744588352701e-01
2.200000000000000000e+01 8.939981038801807223e-02 9.706548319898560262e-01
2.200000000000000000e+01 8.918474857294793334e-02 9.698396884340186874e-01
2.200000000000000000e+01 8.520492759244223391e-02 9.724662621139389396e-01
2.200000000000000000e+01 7.758552551684046172e-02 9.759079793496965305e-01
2.200000000000000000e+01 7.634338592181801053e-02 9.758174078434924681e-01
2.200000000000000000e+01 7.928572924189890292e-02 9.742776922380219640e-01
2.300000000000000000e+01 2.428182613650760324e-01 9.328865139027262554e-01
2.300000000000000000e+01 1.502634773950549396e-01 9.567068200344172046e-01
2.300000000000000000e+01 1.254218821769728098e-01 9.621411104066660558e-01
2.300000000000000000e+01 1.155959324094733981e-01 9.647676840865863079e-01
2.300000000000000000e+01 1.130247015900283369e-01 9.622316819128702292e-01
2.300000000000000000e+01 1.120830828010401514e-01 9.602391087763789690e-01
2.300000000000000000e+01 1.077108518281505306e-01 9.624128249252784650e-01
2.300000000000000000e+01 9.775846467877952195e-02 9.648582555927904814e-01
2.300000000000000000e+01 9.858346214938676355e-02 9.679376868037316006e-01
2.300000000000000000e+01 8.510388774060345662e-02 9.731002626573680425e-01
2.300000000000000000e+01 8.114147240207865430e-02 9.742776922380219640e-01
2.300000000000000000e+01 8.029946631553029623e-02 9.738248347070012079e-01
2.300000000000000000e+01 7.852105658013290579e-02 9.749116927814509559e-01
2.300000000000000000e+01 7.701994260834747752e-02 9.750928357938593027e-01
2.300000000000000000e+01 7.721325051633039227e-02 9.743682637442260264e-01
2.400000000000000000e+01 2.326350249167338513e-01 9.301693687166017188e-01
2.400000000000000000e+01 1.623357304058244133e-01 9.473779548953898955e-01
2.400000000000000000e+01 1.326907391562052174e-01 9.572502490716420231e-01
2.400000000000000000e+01 1.200368871537563081e-01 9.620505389004618824e-01
2.400000000000000000e+01 1.115275275595972032e-01 9.630468254687075680e-01
2.400000000000000000e+01 1.074674746160622779e-01 9.625033964314826385e-01
2.400000000000000000e+01 1.041728128226649258e-01 9.589711076895208741e-01
2.400000000000000000e+01 9.518807478947323431e-02 9.654016846300154109e-01
2.400000000000000000e+01 9.708285353212417479e-02 9.660356851734444028e-01
2.400000000000000000e+01 8.734417266283263370e-02 9.711982610270808447e-01
2.400000000000000000e+01 8.799553507011931286e-02 9.711982610270808447e-01
2.400000000000000000e+01 8.662078592165785296e-02 9.716511185581016008e-01
2.400000000000000000e+01 8.424948189690265044e-02 9.731908341635721049e-01
2.400000000000000000e+01 7.725703061622503365e-02 9.750022642876551293e-01
2.400000000000000000e+01 8.282306212658173405e-02 9.725568336201431130e-01
2.500000000000000000e+01 2.383406122260960935e-01 9.360565166198714371e-01
2.500000000000000000e+01 1.585809911780307058e-01 9.510913866497600067e-01
2.500000000000000000e+01 1.318049254658032188e-01 9.567973915406212670e-01
2.500000000000000000e+01 1.174017543529608104e-01 9.612353953446245436e-01
2.500000000000000000e+01 1.117860362950603287e-01 9.616882528756452997e-01
2.500000000000000000e+01 1.073312812830922169e-01 9.586993931709084649e-01
2.500000000000000000e+01 1.018221547795994941e-01 9.615976813694411263e-01
2.500000000000000000e+01 9.179277755721289289e-02 9.706548319898560262e-01
2.500000000000000000e+01 8.422264055814641937e-02 9.741871207318177905e-01
2.500000000000000000e+01 8.353468692555056363e-02 9.733719771759804518e-01
2.500000000000000000e+01 7.845031051975472070e-02 9.759079793496965305e-01
2.500000000000000000e+01 8.001346308112260164e-02 9.746399782628385466e-01
2.500000000000000000e+01 7.756384287497192220e-02 9.752739788062675386e-01
2.500000000000000000e+01 7.413096163898780233e-02 9.770854089303505630e-01
2.500000000000000000e+01 7.037938564120267693e-02 9.790779820668418232e-01
2.600000000000000000e+01 2.308514228029667770e-01 9.342450864957884127e-01
2.600000000000000000e+01 1.511893602526880598e-01 9.572502490716420231e-01
2.600000000000000000e+01 1.263940743163013136e-01 9.627751109500950477e-01
2.600000000000000000e+01 1.174247600801234664e-01 9.638619690245449068e-01
2.600000000000000000e+01 1.095226397605018054e-01 9.628656824562992211e-01
2.600000000000000000e+01 1.031036849050903925e-01 9.647676840865863079e-01
2.600000000000000000e+01 9.440412928838806672e-02 9.688434018657730018e-01
2.600000000000000000e+01 9.358314908164033774e-02 9.686622588533647660e-01
2.600000000000000000e+01 8.422439999228106822e-02 9.726474051263472864e-01
2.600000000000000000e+01 8.870252400482064870e-02 9.710171180146726089e-01
2.600000000000000000e+01 8.088843748071535000e-02 9.737342632007970344e-01
2.600000000000000000e+01 7.596446169271324489e-02 9.768136944117380427e-01
2.600000000000000000e+01 7.777328264655009038e-02 9.755456933248799478e-01
2.600000000000000000e+01 7.350022213337721599e-02 9.765419798931256334e-01
2.600000000000000000e+01 7.124824771841269111e-02 9.780816954985961376e-01
2.700000000000000000e+01 2.327302398553285079e-01 9.304410832352142391e-01
2.700000000000000000e+01 1.504205511812487517e-01 9.541708178607010149e-01
2.700000000000000000e+01 1.297099311050876613e-01 9.613259668508287170e-01
2.700000000000000000e+01 1.160131922355717576e-01 9.613259668508287170e-01
2.700000000000000000e+01 1.044501905996281232e-01 9.608731093198079609e-01
2.700000000000000000e+01 9.850880828285862867e-02 9.654016846300154109e-01
2.700000000000000000e+01 9.479741036054366299e-02 9.662168281858527497e-01
2.700000000000000000e+01 9.353519010661977273e-02 9.673036862603024977e-01
2.700000000000000000e+01 8.495005740159715379e-02 9.708359750022642620e-01
2.700000000000000000e+01 8.452473121396383848e-02 9.710171180146726089e-01
2.700000000000000000e+01 7.781629169672948931e-02 9.750928357938593027e-01
2.700000000000000000e+01 7.638037232683524136e-02 9.770854089303505630e-01
2.700000000000000000e+01 7.317689819133808837e-02 9.769042659179422161e-01
2.700000000000000000e+01 7.306451398500804495e-02 9.772665519427587988e-01
2.700000000000000000e+01 6.835859572611743817e-02 9.789874105606376498e-01
2.800000000000000000e+01 2.428884721425676740e-01 9.269087944932524747e-01
2.800000000000000000e+01 1.492078262065610339e-01 9.554388189475591098e-01
2.800000000000000000e+01 1.266533081144778639e-01 9.606919663073997251e-01
2.800000000000000000e+01 1.146072918157011317e-01 9.639525405307490802e-01
2.800000000000000000e+01 1.074101001045002779e-01 9.636808260121365599e-01
2.800000000000000000e+01 9.886975291939767430e-02 9.662168281858527497e-01
2.800000000000000000e+01 9.661209656403789425e-02 9.674848292727108445e-01
2.800000000000000000e+01 8.842959314734757936e-02 9.726474051263472864e-01
2.800000000000000000e+01 8.443973915917848960e-02 9.728285481387555222e-01
2.800000000000000000e+01 8.147519343855577634e-02 9.733719771759804518e-01
2.800000000000000000e+01 7.782053911147208958e-02 9.751834073000633651e-01
2.800000000000000000e+01 7.553071246038298159e-02 9.758174078434924681e-01
2.800000000000000000e+01 7.282949432177679427e-02 9.767231229055338693e-01
2.800000000000000000e+01 7.170594257281079353e-02 9.775382664613712080e-01
2.800000000000000000e+01 7.386255462851995524e-02 9.771759804365546254e-01
2.900000000000000000e+01 2.308205666222220287e-01 9.327053708903179086e-01
2.900000000000000000e+01 1.428191136908530667e-01 9.574313920840503700e-01
2.900000000000000000e+01 1.233118549241450229e-01 9.616882528756452997e-01
2.900000000000000000e+01 1.110695579787436132e-01 9.639525405307490802e-01
2.900000000000000000e+01 1.030007236593636216e-01 9.638619690245449068e-01
2.900000000000000000e+01 9.584716945762956908e-02 9.657639706548319936e-01
2.900000000000000000e+01 9.404181947032978772e-02 9.670319717416900884e-01
2.900000000000000000e+01 8.674630996497377511e-02 9.711076895208767823e-01
2.900000000000000000e+01 8.192880419912176859e-02 9.727379766325513488e-01
2.900000000000000000e+01 7.554982629059769916e-02 9.756362648310841212e-01
2.900000000000000000e+01 7.546379277453202361e-02 9.769948374241463895e-01
2.900000000000000000e+01 7.172563123551066455e-02 9.772665519427587988e-01
2.900000000000000000e+01 6.944553675914903745e-02 9.788062675482293029e-01
2.900000000000000000e+01 6.809271992558398046e-02 9.794402680916584059e-01
2.900000000000000000e+01 6.701476891317087459e-02 9.796214111040666417e-01
3.000000000000000000e+01 2.189894361359307484e-01 9.379585182501585239e-01
3.000000000000000000e+01 1.413727896311492427e-01 9.592428222081332834e-01
3.000000000000000000e+01 1.218111646045448304e-01 9.604202517887872048e-01
3.000000000000000000e+01 1.098003361850464071e-01 9.605108232949913782e-01
3.000000000000000000e+01 9.983053293905222447e-02 9.636808260121365599e-01
3.000000000000000000e+01 9.341987150225024295e-02 9.678471152975274272e-01
3.000000000000000000e+01 8.893626721652657385e-02 9.703831174712435059e-01
3.000000000000000000e+01 8.490528693323999565e-02 9.716511185581016008e-01
3.000000000000000000e+01 8.337781292809459677e-02 9.721039760891223569e-01
3.000000000000000000e+01 7.816604602459667483e-02 9.759079793496965305e-01
3.000000000000000000e+01 7.506425731340629626e-02 9.761796938683090508e-01
3.000000000000000000e+01 7.488819657724690715e-02 9.765419798931256334e-01
3.000000000000000000e+01 7.131987939693375245e-02 9.786251245358210671e-01
3.000000000000000000e+01 6.838276219059706562e-02 9.798931256226790509e-01
3.000000000000000000e+01 6.841624342133409420e-02 9.805271261661081539e-01
3.100000000000000000e+01 2.468362508235060482e-01 9.264559369622317186e-01
3.100000000000000000e+01 1.515751031900476331e-01 9.581559641336835353e-01
3.100000000000000000e+01 1.315553565701493566e-01 9.600579657639706221e-01
3.100000000000000000e+01 1.219766461510265881e-01 9.607825378136037875e-01
3.100000000000000000e+01 1.118030795593988880e-01 9.634091114935241507e-01
3.100000000000000000e+01 1.038279347940386232e-01 9.615976813694411263e-01
3.100000000000000000e+01 9.879709392220141495e-02 9.637713975183407333e-01
3.100000000000000000e+01 9.066146887869529214e-02 9.696585454216103406e-01
3.100000000000000000e+01 8.887954719811351489e-02 9.709265465084684354e-01
3.100000000000000000e+01 8.589915218239717321e-02 9.724662621139389396e-01
3.100000000000000000e+01 8.342077893856110482e-02 9.734625486821846252e-01
3.100000000000000000e+01 8.343681744351338914e-02 9.724662621139389396e-01
3.100000000000000000e+01 8.568833955096778754e-02 9.707454034960600886e-01
3.100000000000000000e+01 7.495293957262717799e-02 9.752739788062675386e-01
3.100000000000000000e+01 7.770502055958272702e-02 9.750928357938593027e-01
3.200000000000000000e+01 2.142026487709686455e-01 9.432116656099991392e-01
3.200000000000000000e+01 1.405051596416855841e-01 9.577031066026627792e-01
3.200000000000000000e+01 1.210448842754358878e-01 9.615071098632370639e-01
3.200000000000000000e+01 1.127733427338780542e-01 9.611448238384204812e-01
3.200000000000000000e+01 1.043237096295315525e-01 9.630468254687075680e-01
3.200000000000000000e+01 9.648424844209781137e-02 9.626845394438909853e-01
3.200000000000000000e+01 9.093971329979752549e-02 9.625033964314826385e-01
3.200000000000000000e+01 8.874187350551582254e-02 9.630468254687075680e-01
3.200000000000000000e+01 8.477124956202750083e-02 9.699302599402228608e-01
3.200000000000000000e+01 8.310158023166941410e-02 9.713794040394891915e-01
3.200000000000000000e+01 8.253691514444411181e-02 9.718322615705099476e-01
3.200000000000000000e+01 7.765048718546334328e-02 9.741871207318177905e-01
3.200000000000000000e+01 7.628036445780524144e-02 9.748211212752467825e-01
3.200000000000000000e+01 7.386903219596739623e-02 9.758174078434924681e-01
3.200000000000000000e+01 7.234827486463364654e-02 9.785345530296168937e-01
3.300000000000000000e+01 2.220362268038446885e-01 9.381396612625667597e-01
3.300000000000000000e+01 1.411029278373677753e-01 9.577936781088669527e-01
3.300000000000000000e+01 1.212863593896890274e-01 9.595145367267458036e-01
3.300000000000000000e+01 1.119122202919507342e-01 9.624128249252784650e-01
3.300000000000000000e+01 1.024302829531273662e-01 9.640431120369531426e-01
3.300000000000000000e+01 9.715707098773924966e-02 9.619599673942578200e-01
3.300000000000000000e+01 9.188477114687595981e-02 9.668508287292817416e-01
3.300000000000000000e+01 8.851892320122276003e-02 9.694774024092021047e-01
3.300000000000000000e+01 8.378922740548756798e-02 9.718322615705099476e-01
3.300000000000000000e+01 9.099731762721263717e-02 9.683905443347522457e-01
3.300000000000000000e+01 7.710152883132671831e-02 9.748211212752467825e-01
3.300000000000000000e+01 7.846901386704638326e-02 9.758174078434924681e-01
3.300000000000000000e+01 7.352953201423503837e-02 9.755456933248799478e-01
3.300000000000000000e+01 7.473625514496054500e-02 9.755456933248799478e-01
3.300000000000000000e+01 7.265421500753331541e-02 9.762702653745132242e-01
3.400000000000000000e+01 2.123359271596708953e-01 9.397699483742414373e-01
3.400000000000000000e+01 1.535524865016124896e-01 9.551671044289467005e-01
3.400000000000000000e+01 1.186056964339494424e-01 9.638619690245449068e-01
3.400000000000000000e+01 1.127036746186011323e-01 9.634091114935241507e-01
3.400000000000000000e+01 1.030900307140531352e-01 9.643148265555656629e-01
3.400000000000000000e+01 9.501431766554463421e-02 9.672131147540983243e-01
3.400000000000000000e+01 8.864216234540035766e-02 9.702925459650394435e-01
3.400000000000000000e+01 8.647640032861197978e-02 9.712888325332850181e-01
3.400000000000000000e+01 8.316998585094782792e-02 9.742776922380219640e-01
3.400000000000000000e+01 8.135346202139706606e-02 9.735531201883886876e-01
3.400000000000000000e+01 7.625342217825599456e-02 9.767231229055338693e-01
3.400000000000000000e+01 7.529717989852978410e-02 9.767231229055338693e-01
3.400000000000000000e+01 7.828738108507989069e-02 9.764514083869214600e-01
3.400000000000000000e+01 7.489472828221191425e-02 9.772665519427587988e-01
3.400000000000000000e+01 7.347943764991085591e-02 9.780816954985961376e-01
3.500000000000000000e+01 2.288734692283520555e-01 9.398605198804456107e-01
3.500000000000000000e+01 1.455428064666772492e-01 9.576125350964586058e-01
3.500000000000000000e+01 1.231977156355936881e-01 9.611448238384204812e-01
3.500000000000000000e+01 1.171086797451428713e-01 9.614165383570328904e-01
3.500000000000000000e+01 1.128113062620961504e-01 9.613259668508287170e-01
3.500000000000000000e+01 1.018955948814956325e-01 9.639525405307490802e-01
3.500000000000000000e+01 9.794748310018298876e-02 9.668508287292817416e-01
3.500000000000000000e+01 8.916878770210621974e-02 9.705642604836518528e-01
3.500000000000000000e+01 9.064170239001966001e-02 9.689339733719771752e-01
3.500000000000000000e+01 8.500713063005548020e-02 9.715605470518974274e-01
3.500000000000000000e+01 7.792017774684489861e-02 9.762702653745132242e-01
3.500000000000000000e+01 7.633993860914162211e-02 9.752739788062675386e-01
3.500000000000000000e+01 7.623471100648529508e-02 9.750022642876551293e-01
3.500000000000000000e+01 7.168387471160081459e-02 9.780816954985961376e-01
3.500000000000000000e+01 7.406228875137808865e-02 9.759985508559007039e-01
3.600000000000000000e+01 2.376238615629862605e-01 9.311656552848474044e-01
3.600000000000000000e+01 1.370836965291767628e-01 9.591522507019292210e-01
3.600000000000000000e+01 1.168659153389899757e-01 9.637713975183407333e-01
3.600000000000000000e+01 1.079345870930300960e-01 9.627751109500950477e-01
3.600000000000000000e+01 1.030597986270828936e-01 9.640431120369531426e-01
3.600000000000000000e+01 9.761152290534022558e-02 9.644959695679738987e-01
3.600000000000000000e+01 9.024597869816834705e-02 9.673036862603024977e-01
3.600000000000000000e+01 8.733398726399409229e-02 9.699302599402228608e-01
3.600000000000000000e+01 8.333873860039778259e-02 9.730096911511638691e-01
3.600000000000000000e+01 8.190810845366712500e-02 9.740059777194094437e-01
3.600000000000000000e+01 8.195722697020950409e-02 9.731002626573680425e-01
3.600000000000000000e+01 7.444916874657726835e-02 9.769948374241463895e-01
3.600000000000000000e+01 7.460819510666867604e-02 9.772665519427587988e-01
3.600000000000000000e+01 7.239408318889913041e-02 9.771759804365546254e-01
3.600000000000000000e+01 7.049295906824606939e-02 9.784439815234127202e-01
3.700000000000000000e+01 2.414946578892334939e-01 9.381396612625667597e-01
3.700000000000000000e+01 1.439834875906477463e-01 9.602391087763789690e-01
3.700000000000000000e+01 1.253214861346580167e-01 9.625939679376868119e-01
3.700000000000000000e+01 1.103094321215753043e-01 9.665791142106693323e-01
3.700000000000000000e+01 1.050632261570007137e-01 9.669414002354859150e-01
3.700000000000000000e+01 1.073392076765609798e-01 9.615071098632370639e-01
3.700000000000000000e+01 9.804576728125237450e-02 9.657639706548319936e-01
3.700000000000000000e+01 9.211061820600049965e-02 9.706548319898560262e-01
3.700000000000000000e+01 8.771242556042277427e-02 9.703831174712435059e-01
3.700000000000000000e+01 8.376117419254885954e-02 9.731908341635721049e-01
3.700000000000000000e+01 7.863744821529827789e-02 9.748211212752467825e-01
3.700000000000000000e+01 7.459241976989637590e-02 9.760891223621048773e-01
3.700000000000000000e+01 7.127065689901887491e-02 9.785345530296168937e-01
3.700000000000000000e+01 7.338237494656174587e-02 9.768136944117380427e-01
3.700000000000000000e+01 7.208947583254085578e-02 9.776288379675753815e-01
3.800000000000000000e+01 2.064951260080269413e-01 9.390453763246082719e-01
3.800000000000000000e+01 1.300778539477143447e-01 9.596956797391540395e-01
3.800000000000000000e+01 1.141493653176638978e-01 9.628656824562992211e-01
3.800000000000000000e+01 1.069671318810009875e-01 9.641336835431573160e-01
3.800000000000000000e+01 1.042679476606659522e-01 9.610542523322163078e-01
3.800000000000000000e+01 9.433740705255190540e-02 9.682999728285481833e-01
3.800000000000000000e+01 8.803214072637205456e-02 9.741871207318177905e-01
3.800000000000000000e+01 8.389050791107403870e-02 9.743682637442260264e-01
3.800000000000000000e+01 8.271635066964146132e-02 9.746399782628385466e-01
3.800000000000000000e+01 8.133616545750721460e-02 9.752739788062675386e-01
3.800000000000000000e+01 7.667540417040454026e-02 9.769042659179422161e-01
3.800000000000000000e+01 7.359326279709228757e-02 9.772665519427587988e-01
3.800000000000000000e+01 7.263878121107024410e-02 9.778099809799837283e-01
3.800000000000000000e+01 7.381280596843510511e-02 9.774476949551671456e-01
3.800000000000000000e+01 7.071506692171650177e-02 9.783534100172085468e-01
3.900000000000000000e+01 2.112880554112534781e-01 9.416719500045285240e-01
3.900000000000000000e+01 1.331100762571168217e-01 9.603296802825831424e-01
3.900000000000000000e+01 1.160661539519088348e-01 9.641336835431573160e-01
3.900000000000000000e+01 1.066974199824681085e-01 9.656733991486278201e-01
3.900000000000000000e+01 1.015834271240881742e-01 9.654922561362195843e-01
3.900000000000000000e+01 1.038022912803656661e-01 9.612353953446245436e-01
3.900000000000000000e+01 9.323002020444746962e-02 9.669414002354859150e-01
3.900000000000000000e+01 8.836967008698448645e-02 9.680282583099356630e-01
3.900000000000000000e+01 8.359375293368159765e-02 9.730096911511638691e-01
3.900000000000000000e+01 7.890804132474547872e-02 9.741871207318177905e-01
3.900000000000000000e+01 7.370476867693258327e-02 9.777194094737795549e-01
3.900000000000000000e+01 7.226798039273836516e-02 9.779911239923919641e-01
3.900000000000000000e+01 7.272091486564295770e-02 9.769948374241463895e-01
3.900000000000000000e+01 6.810810765360925112e-02 9.793496965854542324e-01
3.900000000000000000e+01 6.908008618821975810e-02 9.789874105606376498e-01
4.000000000000000000e+01 2.203831339828279945e-01 9.460193823023277382e-01
4.000000000000000000e+01 1.424753272135623472e-01 9.584276786522959446e-01
4.000000000000000000e+01 1.159757819748308827e-01 9.638619690245449068e-01
4.000000000000000000e+01 1.092714432792251111e-01 9.656733991486278201e-01
4.000000000000000000e+01 1.032039358007013352e-01 9.660356851734444028e-01
4.000000000000000000e+01 1.016182239739893411e-01 9.646771125803822455e-01
4.000000000000000000e+01 9.831014554514243275e-02 9.656733991486278201e-01
4.000000000000000000e+01 9.470473850614452571e-02 9.642242550493614894e-01
4.000000000000000000e+01 9.184023501899998831e-02 9.691151163843855221e-01
4.000000000000000000e+01 8.942975100482998541e-02 9.686622588533647660e-01
4.000000000000000000e+01 8.616323016546270641e-02 9.708359750022642620e-01
4.000000000000000000e+01 8.394581889095723004e-02 9.721945475953265303e-01
4.000000000000000000e+01 8.560621484992261832e-02 9.711982610270808447e-01
4.000000000000000000e+01 7.930207810369094279e-02 9.742776922380219640e-01
4.000000000000000000e+01 7.760958291780721552e-02 9.746399782628385466e-01
4.100000000000000000e+01 2.137393960411457794e-01 9.469250973643691394e-01
4.100000000000000000e+01 1.434257110555165193e-01 9.597862512453582129e-01
4.100000000000000000e+01 1.148732452597564929e-01 9.651299701114030016e-01
4.100000000000000000e+01 1.077718058955828145e-01 9.653111131238112375e-01
4.100000000000000000e+01 1.026861647183618803e-01 9.661262566796485762e-01
4.100000000000000000e+01 1.023550069268098772e-01 9.617788243818494731e-01
4.100000000000000000e+01 9.743953937795513109e-02 9.644053980617697253e-01
4.100000000000000000e+01 9.108792770700473163e-02 9.674848292727108445e-01
4.100000000000000000e+01 8.696903593899589502e-02 9.709265465084684354e-01
4.100000000000000000e+01 8.426845082740100357e-02 9.737342632007970344e-01
4.100000000000000000e+01 8.193867690768058543e-02 9.737342632007970344e-01
4.100000000000000000e+01 7.493682867364377664e-02 9.780816954985961376e-01
4.100000000000000000e+01 7.433163162550435188e-02 9.771759804365546254e-01
4.100000000000000000e+01 7.229871393563015725e-02 9.769948374241463895e-01
4.100000000000000000e+01 7.049334340052115788e-02 9.779005524861877907e-01
4.200000000000000000e+01 1.983458337848590658e-01 9.448419527216738167e-01
4.200000000000000000e+01 1.284026447115551584e-01 9.622316819128702292e-01
4.200000000000000000e+01 1.193031630316047226e-01 9.640431120369531426e-01
4.200000000000000000e+01 1.057108817061134798e-01 9.659451136672403404e-01
4.200000000000000000e+01 9.979568039666317225e-02 9.675754007789149069e-01
4.200000000000000000e+01 9.418179067867331333e-02 9.685716873471605926e-01
4.200000000000000000e+01 8.983658577251327215e-02 9.701114029526310967e-01
4.200000000000000000e+01 8.744467679229739332e-02 9.696585454216103406e-01
4.200000000000000000e+01 8.395422115896290782e-02 9.726474051263472864e-01
4.200000000000000000e+01 8.547990026850514622e-02 9.710171180146726089e-01
4.200000000000000000e+01 8.003781958184977285e-02 9.742776922380219640e-01
4.200000000000000000e+01 7.479211176365517522e-02 9.786251245358210671e-01
4.200000000000000000e+01 7.492755975122869505e-02 9.772665519427587988e-01
4.200000000000000000e+01 6.996356631656538982e-02 9.791685535730458856e-01
4.200000000000000000e+01 7.077944824763028608e-02 9.785345530296168937e-01
4.300000000000000000e+01 2.178660647961122854e-01 9.394982338556290280e-01
4.300000000000000000e+01 1.368984587977893908e-01 9.607825378136037875e-01
4.300000000000000000e+01 1.119693559743602657e-01 9.641336835431573160e-01
4.300000000000000000e+01 1.022703987335047138e-01 9.657639706548319936e-01
4.300000000000000000e+01 9.447219832517105009e-02 9.662168281858527497e-01
4.300000000000000000e+01 9.014400466158785374e-02 9.672131147540983243e-01
4.300000000000000000e+01 8.294057404691751456e-02 9.732814056697762783e-01
4.300000000000000000e+01 8.363247396887314722e-02 9.734625486821846252e-01
4.300000000000000000e+01 7.582294268636262380e-02 9.779911239923919641e-01
4.300000000000000000e+01 7.296013774593207435e-02 9.787156960420251295e-01
4.300000000000000000e+01 7.115290066858225015e-02 9.787156960420251295e-01
4.300000000000000000e+01 7.041179788461397748e-02 9.793496965854542324e-01
4.300000000000000000e+01 6.658468859613837776e-02 9.812516982157413192e-01
4.300000000000000000e+01 6.875473498241438386e-02 9.797119826102708151e-01
4.300000000000000000e+01 6.627831835601978583e-02 9.814328412281496661e-01
4.400000000000000000e+01 2.196073109754204111e-01 9.460193823023277382e-01
4.400000000000000000e+01 1.360141043069644229e-01 9.602391087763789690e-01
4.400000000000000000e+01 1.205576202758772281e-01 9.630468254687075680e-01
4.400000000000000000e+01 1.181276849532350709e-01 9.613259668508287170e-01
4.400000000000000000e+01 1.075593714057795358e-01 9.634996829997283241e-01
4.400000000000000000e+01 1.078380164310615424e-01 9.618693958880536465e-01
4.400000000000000000e+01 9.778077444221056069e-02 9.666696857168735058e-01
4.400000000000000000e+01 1.058500325796335878e-01 9.593333937143374568e-01
4.400000000000000000e+01 8.931821281398677481e-02 9.724662621139389396e-01
4.400000000000000000e+01 9.386344591760958922e-02 9.670319717416900884e-01
4.400000000000000000e+01 8.664277716177876121e-02 9.701114029526310967e-01
4.400000000000000000e+01 8.757794942879884581e-02 9.697491169278145140e-01
4.400000000000000000e+01 8.556154917574074203e-02 9.698396884340186874e-01
4.400000000000000000e+01 8.322397316465958428e-02 9.721945475953265303e-01
4.400000000000000000e+01 7.687145161387448633e-02 9.764514083869214600e-01
4.500000000000000000e+01 2.350371587198595569e-01 9.462910968209401474e-01
4.500000000000000000e+01 1.447332865486759546e-01 9.583371071460918822e-01
4.500000000000000000e+01 1.159486806278628573e-01 9.653111131238112375e-01
4.500000000000000000e+01 1.210752170647275555e-01 9.599673942577665597e-01
4.500000000000000000e+01 1.079661320821436177e-01 9.653111131238112375e-01
4.500000000000000000e+01 1.041052560621590628e-01 9.633185399873199772e-01
4.500000000000000000e+01 1.055763607411519672e-01 9.610542523322163078e-01
4.500000000000000000e+01 9.431714062445181734e-02 9.682094013223440099e-01
4.500000000000000000e+01 1.006610216247413730e-01 9.617788243818494731e-01
4.500000000000000000e+01 1.033406794771605242e-01 9.586993931709084649e-01
4.500000000000000000e+01 9.998167078110757611e-02 9.580653926274793619e-01
4.500000000000000000e+01 1.021964162347096389e-01 9.589711076895208741e-01
4.500000000000000000e+01 8.914651175594694166e-02 9.682094013223440099e-01
4.500000000000000000e+01 9.175552034460417172e-02 9.673036862603024977e-01
4.500000000000000000e+01 8.809629670885446573e-02 9.684811158409564191e-01
4.600000000000000000e+01 2.016158394559531275e-01 9.483742414636355811e-01
4.600000000000000000e+01 1.271553733171650880e-01 9.609636808260121343e-01
4.600000000000000000e+01 1.092706982666158955e-01 9.632279684811158038e-01
4.600000000000000000e+01 1.033691246900369232e-01 9.641336835431573160e-01
4.600000000000000000e+01 1.012385984268851513e-01 9.638619690245449068e-01
4.600000000000000000e+01 9.301814955500163629e-02 9.669414002354859150e-01
4.600000000000000000e+01 8.972943982013195652e-02 9.668508287292817416e-01
4.600000000000000000e+01 9.024888792792885861e-02 9.669414002354859150e-01
4.600000000000000000e+01 8.197924708984669073e-02 9.736436916945928610e-01
4.600000000000000000e+01 9.010385902142416248e-02 9.683905443347522457e-01
4.600000000000000000e+01 8.045428469162553553e-02 9.743682637442260264e-01
4.600000000000000000e+01 7.740895350580975776e-02 9.758174078434924681e-01
4.600000000000000000e+01 7.489979035267420315e-02 9.778099809799837283e-01
4.600000000000000000e+01 8.700025575576994519e-02 9.711982610270808447e-01
4.600000000000000000e+01 7.836275647940718625e-02 9.752739788062675386e-01
4.700000000000000000e+01 2.123523176166698390e-01 9.462005253147359740e-01
4.700000000000000000e+01 1.372720371113232141e-01 9.610542523322163078e-01
4.700000000000000000e+01 1.142231914742563165e-01 9.656733991486278201e-01
4.700000000000000000e+01 1.080593498852718548e-01 9.661262566796485762e-01
4.700000000000000000e+01 1.028646189124587801e-01 9.669414002354859150e-01
4.700000000000000000e+01 9.715392167182931860e-02 9.668508287292817416e-01
4.700000000000000000e+01 9.224510679099660881e-02 9.681188298161398365e-01
4.700000000000000000e+01 9.203652558955678631e-02 9.708359750022642620e-01
4.700000000000000000e+01 8.834386812211821038e-02 9.715605470518974274e-01
4.700000000000000000e+01 8.584959215797112464e-02 9.740059777194094437e-01
4.700000000000000000e+01 8.382741665646802065e-02 9.735531201883886876e-01
4.700000000000000000e+01 8.363277333139042258e-02 9.751834073000633651e-01
4.700000000000000000e+01 7.952493831396403867e-02 9.757268363372882947e-01
4.700000000000000000e+01 8.229613223010923129e-02 9.740059777194094437e-01
4.700000000000000000e+01 7.883610365820319099e-02 9.752739788062675386e-01
4.800000000000000000e+01 1.716281379327669332e-01 9.555293904537632832e-01
4.800000000000000000e+01 1.161033562349515352e-01 9.642242550493614894e-01
4.800000000000000000e+01 1.025507987291465611e-01 9.666696857168735058e-01
4.800000000000000000e+01 9.635971705623977424e-02 9.665791142106693323e-01
4.800000000000000000e+01 9.466315884296251648e-02 9.670319717416900884e-01
4.800000000000000000e+01 8.891008705410476110e-02 9.706548319898560262e-01
4.800000000000000000e+01 8.694536279217592034e-02 9.718322615705099476e-01
4.800000000000000000e+01 8.145750818876630606e-02 9.748211212752467825e-01
4.800000000000000000e+01 8.491480279507056250e-02 9.725568336201431130e-01
4.800000000000000000e+01 8.090299809794049279e-02 9.738248347070012079e-01
4.800000000000000000e+01 7.450829703492947709e-02 9.787156960420251295e-01
4.800000000000000000e+01 7.251333774761153927e-02 9.788062675482293029e-01
4.800000000000000000e+01 7.227061484873295583e-02 9.781722670048003110e-01
4.800000000000000000e+01 7.259879386849645011e-02 9.779005524861877907e-01
4.800000000000000000e+01 7.467742847960506802e-02 9.767231229055338693e-01
