0.000000000000000000e+00 3.996403268246770946e-01 8.738338918576216141e-01
0.000000000000000000e+00 3.718964674525624403e-01 8.833439000090571591e-01
0.000000000000000000e+00 3.702708382505143225e-01 8.816230413911783081e-01
0.000000000000000000e+00 3.613984959467144153e-01 8.857893306765691754e-01
0.000000000000000000e+00 3.579178812588253988e-01 8.851553301331400725e-01
0.000000000000000000e+00 3.549757879216328682e-01 8.877819038130604357e-01
0.000000000000000000e+00 3.539032486043319214e-01 8.849741871207318367e-01
0.000000000000000000e+00 3.550424142133654093e-01 8.900461914681641051e-01
0.000000000000000000e+00 3.546752468617875298e-01 8.855176161579566552e-01
0.000000000000000000e+00 3.506685979279683951e-01 8.887781903813060103e-01
0.000000000000000000e+00 3.475223377714669049e-01 8.912236210488180266e-01
0.000000000000000000e+00 3.485458111688495286e-01 8.897744769495516959e-01
0.000000000000000000e+00 3.543382863640156533e-01 8.862421882075899315e-01
0.000000000000000000e+00 3.493171845765968841e-01 8.919481930984511919e-01
0.000000000000000000e+00 3.460939393077491211e-01 8.901367629743682786e-01
1.000000000000000000e+00 3.301205003987147668e-01 8.765510370437460397e-01
1.000000000000000000e+00 3.113308617330086681e-01 8.816230413911783081e-01
1.000000000000000000e+00 3.047772797444809334e-01 8.837061860338737418e-01
1.000000000000000000e+00 3.027723812901751965e-01 8.846119010959152540e-01
1.000000000000000000e+00 3.054471091107417990e-01 8.850647586269360101e-01
1.000000000000000000e+00 2.970280962806794989e-01 8.876007608006520888e-01
1.000000000000000000e+00 2.981680227658165538e-01 8.885064758626936010e-01
1.000000000000000000e+00 2.937999491411191211e-01 8.891404764061225929e-01
1.000000000000000000e+00 2.929055255934489566e-01 8.885970473688977744e-01
1.000000000000000000e+00 2.889577297858065275e-01 8.903179059867765144e-01
1.000000000000000000e+00 2.910821703782652814e-01 8.924916221356761215e-01
1.000000000000000000e+00 2.886702336915263900e-01 8.921293361108595388e-01
1.000000000000000000e+00 2.940686119859767245e-01 8.899556199619599317e-01
1.000000000000000000e+00 2.854845303419567548e-01 8.907707635177972705e-01
1.000000000000000000e+00 2.872721955134238669e-01 8.914953355674304358e-01
2.000000000000000000e+00 3.338579501850924558e-01 8.704827461280680856e-01
2.000000000000000000e+00 3.119659617384809014e-01 8.809890408477493162e-01
2.000000000000000000e+00 3.033095870628460533e-01 8.832533285028529857e-01
2.000000000000000000e+00 3.009789833415543736e-01 8.863327597137939939e-01
2.000000000000000000e+00 2.961284849588504686e-01 8.863327597137939939e-01
2.000000000000000000e+00 2.957917999069368253e-01 8.859704736889774113e-01
2.000000000000000000e+00 2.933083356966241784e-01 8.860610451951815847e-01
2.000000000000000000e+00 2.933253956038041621e-01 8.883253328502852542e-01
2.000000000000000000e+00 2.922272054035281452e-01 8.888687618875101837e-01
2.000000000000000000e+00 2.944143230616838580e-01 8.869667602572230969e-01
2.000000000000000000e+00 2.898346457305580048e-01 8.889593333937143571e-01
2.000000000000000000e+00 2.887427730854686403e-01 8.892310479123267664e-01
2.000000000000000000e+00 2.915258551800790632e-01 8.886876188751019479e-01
2.000000000000000000e+00 2.906842338182835106e-01 8.883253328502852542e-01
2.000000000000000000e+00 2.872001662195898253e-01 8.911330495426138532e-01
3.000000000000000000e+00 3.375160871763491777e-01 8.755547504755003541e-01
3.000000000000000000e+00 3.157904805206356302e-01 8.804456118105243867e-01
3.000000000000000000e+00 3.174507513354947186e-01 8.798116112670953948e-01
3.000000000000000000e+00 3.024255475719342945e-01 8.828910424780364030e-01
3.000000000000000000e+00 3.051624882020237961e-01 8.824381849470156469e-01
3.000000000000000000e+00 3.049106771805754623e-01 8.844307580835069071e-01
3.000000000000000000e+00 2.996546416487647080e-01 8.857893306765691754e-01
3.000000000000000000e+00 2.957695858057192706e-01 8.862421882075899315e-01
3.000000000000000000e+00 2.967958039129472425e-01 8.857893306765691754e-01
3.000000000000000000e+00 2.936730006435848139e-01 8.866044742324065142e-01
3.000000000000000000e+00 2.945349745476718017e-01 8.870573317634272703e-01
3.000000000000000000e+00 2.929037523337678639e-01 8.871479032696313327e-01
3.000000000000000000e+00 2.924356275401759353e-01 8.858799021827733489e-01
3.000000000000000000e+00 2.940323818121997612e-01 8.860610451951815847e-01
3.000000000000000000e+00 2.902801408387169491e-01 8.870573317634272703e-01
4.000000000000000000e+00 3.285977434088244720e-01 8.759170365003170478e-01
4.000000000000000000e+00 3.102332307536959100e-01 8.836156145276695684e-01
4.000000000000000000e+00 3.041057505496673752e-01 8.847024726021194274e-01
4.000000000000000000e+00 3.007157285459761131e-01 8.868761887510189235e-01
4.000000000000000000e+00 2.994920021892762962e-01 8.859704736889774113e-01
4.000000000000000000e+00 3.004218570139171596e-01 8.828910424780364030e-01
4.000000000000000000e+00 2.942483500311191547e-01 8.888687618875101837e-01
4.000000000000000000e+00 2.932732707773532677e-01 8.882347613440811918e-01
4.000000000000000000e+00 2.915209913496623062e-01 8.885064758626936010e-01
4.000000000000000000e+00 2.933498194571247941e-01 8.871479032696313327e-01
4.000000000000000000e+00 2.871495402550740539e-01 8.926727651480843573e-01
4.000000000000000000e+00 2.962127848561728616e-01 8.880536183316728449e-01
4.000000000000000000e+00 2.865604677815334345e-01 8.910424780364097908e-01
4.000000000000000000e+00 2.879898619498797996e-01 8.905896205053890347e-01
4.000000000000000000e+00 2.856547969816917720e-01 8.915859070736346093e-01
5.000000000000000000e+00 3.282934021654386747e-01 8.760076080065211102e-01
5.000000000000000000e+00 3.123355768773222185e-01 8.819853274159948908e-01
5.000000000000000000e+00 3.036343570001600045e-01 8.843401865773027337e-01
5.000000000000000000e+00 3.009705400227158933e-01 8.843401865773027337e-01
5.000000000000000000e+00 2.988036430091881579e-01 8.871479032696313327e-01
5.000000000000000000e+00 2.951337069738993457e-01 8.880536183316728449e-01
5.000000000000000000e+00 2.949631406856492721e-01 8.858799021827733489e-01
5.000000000000000000e+00 2.919274135030391348e-01 8.869667602572230969e-01
5.000000000000000000e+00 2.999465931477603986e-01 8.843401865773027337e-01
5.000000000000000000e+00 2.931390729281405649e-01 8.900461914681641051e-01
5.000000000000000000e+00 2.957856854965763560e-01 8.866044742324065142e-01
5.000000000000000000e+00 3.120557473339046206e-01 8.762793225251336304e-01
5.000000000000000000e+00 2.883069888449825147e-01 8.892310479123267664e-01
5.000000000000000000e+00 2.890508477306785728e-01 8.905896205053890347e-01
5.000000000000000000e+00 3.067551721200260650e-01 8.802644687981161509e-01
6.000000000000000000e+00 3.299749663683610446e-01 8.769133230685626224e-01
6.000000000000000000e+00 3.134339006505836300e-01 8.813513268725658989e-01
6.000000000000000000e+00 3.067101830922662198e-01 8.831627569966488123e-01
6.000000000000000000e+00 3.038433245487165979e-01 8.847930441083234898e-01
6.000000000000000000e+00 3.053562147322466669e-01 8.821664704284032377e-01
6.000000000000000000e+00 3.004599166451478731e-01 8.848836156145276632e-01
6.000000000000000000e+00 2.981916139665664600e-01 8.847930441083234898e-01
6.000000000000000000e+00 3.001644398655692325e-01 8.852459016393442459e-01
6.000000000000000000e+00 2.964153778174541398e-01 8.850647586269360101e-01
6.000000000000000000e+00 2.987978480929497915e-01 8.837061860338737418e-01
6.000000000000000000e+00 2.963111356483094094e-01 8.851553301331400725e-01
6.000000000000000000e+00 2.951615808360240067e-01 8.844307580835069071e-01
6.000000000000000000e+00 2.945695617407430023e-01 8.847930441083234898e-01
6.000000000000000000e+00 2.962346383203738887e-01 8.859704736889774113e-01
6.000000000000000000e+00 3.081789479526887421e-01 8.809890408477493162e-01
7.000000000000000000e+00 3.307973647370533454e-01 8.782718956616248906e-01
7.000000000000000000e+00 3.107003047732933010e-01 8.799927542795036306e-01
7.000000000000000000e+00 3.050889883909657097e-01 8.829816139842405764e-01
7.000000000000000000e+00 3.009539492486378864e-01 8.848836156145276632e-01
7.000000000000000000e+00 3.010013100883502934e-01 8.838873290462820886e-01
7.000000000000000000e+00 2.980065236553492980e-01 8.871479032696313327e-01
7.000000000000000000e+00 3.005964368953160104e-01 8.847024726021194274e-01
7.000000000000000000e+00 2.946210314797999552e-01 8.891404764061225929e-01
7.000000000000000000e+00 2.961787299739690460e-01 8.865139027262023408e-01
7.000000000000000000e+00 2.929935422339646767e-01 8.883253328502852542e-01
7.000000000000000000e+00 2.910271943918187887e-01 8.891404764061225929e-01
7.000000000000000000e+00 2.881502840472500160e-01 8.903179059867765144e-01
7.000000000000000000e+00 2.940446626049653123e-01 8.841590435648944979e-01
7.000000000000000000e+00 2.862670885389241304e-01 8.905896205053890347e-01
7.000000000000000000e+00 2.845779744821838042e-01 8.907707635177972705e-01
8.000000000000000000e+00 3.322100850728011978e-01 8.740150348700298499e-01
8.000000000000000000e+00 3.125187712422079489e-01 8.807173263291369070e-01
8.000000000000000000e+00 3.075669852533991500e-01 8.834344715152613325e-01
8.000000000000000000e+00 3.087187602902162764e-01 8.817136128973824816e-01
8.000000000000000000e+00 3.034954496959038628e-01 8.828910424780364030e-01
8.000000000000000000e+00 3.105850194227695038e-01 8.802644687981161509e-01
8.000000000000000000e+00 3.015701757050713860e-01 8.850647586269360101e-01
8.000000000000000000e+00 3.003550143833144115e-01 8.870573317634272703e-01
8.000000000000000000e+00 2.980892922733766603e-01 8.866044742324065142e-01
8.000000000000000000e+00 2.966058116329273742e-01 8.865139027262023408e-01
8.000000000000000000e+00 3.002261338618544273e-01 8.841590435648944979e-01
8.000000000000000000e+00 2.933804448830112377e-01 8.880536183316728449e-01
8.000000000000000000e+00 2.948127889763998977e-01 8.876913323068562622e-01
8.000000000000000000e+00 2.923953427809413141e-01 8.892310479123267664e-01
8.000000000000000000e+00 3.052473363098620607e-01 8.839779005524861510e-01
9.000000000000000000e+00 3.309632604346205431e-01 8.758264649941128743e-01
9.000000000000000000e+00 3.132520683004996198e-01 8.799021827732995682e-01
9.000000000000000000e+00 3.150637682163370257e-01 8.788153246988497092e-01
9.000000000000000000e+00 3.074171244153801608e-01 8.820758989221990642e-01
9.000000000000000000e+00 3.028947918751502821e-01 8.826193279594239938e-01
9.000000000000000000e+00 3.036377363030465237e-01 8.831627569966488123e-01
9.000000000000000000e+00 3.020156840617705396e-01 8.840684720586903245e-01
9.000000000000000000e+00 3.137623048043314822e-01 8.801738972919119774e-01
9.000000000000000000e+00 3.065533807380932951e-01 8.829816139842405764e-01
9.000000000000000000e+00 3.007084228615339305e-01 8.829816139842405764e-01
9.000000000000000000e+00 2.997567483244893971e-01 8.837967575400779152e-01
9.000000000000000000e+00 2.944315411786674885e-01 8.862421882075899315e-01
9.000000000000000000e+00 3.069276050270774991e-01 8.790870392174622294e-01
9.000000000000000000e+00 3.061165451188244679e-01 8.817136128973824816e-01
9.000000000000000000e+00 3.039439242648985240e-01 8.799021827732995682e-01
1.000000000000000000e+01 3.329913264770844039e-01 8.738338918576216141e-01
1.000000000000000000e+01 3.153829112729392703e-01 8.808984693415451428e-01
1.000000000000000000e+01 3.135697783323384558e-01 8.799927542795036306e-01
1.000000000000000000e+01 3.048186183592418996e-01 8.836156145276695684e-01
1.000000000000000000e+01 3.041279681877871455e-01 8.834344715152613325e-01
1.000000000000000000e+01 3.021738313976999879e-01 8.840684720586903245e-01
1.000000000000000000e+01 2.962719484151873917e-01 8.870573317634272703e-01
1.000000000000000000e+01 3.002826642110640321e-01 8.862421882075899315e-01
1.000000000000000000e+01 2.963400605973666169e-01 8.876913323068562622e-01
1.000000000000000000e+01 2.948311585089246067e-01 8.868761887510189235e-01
1.000000000000000000e+01 2.979919241658993689e-01 8.847024726021194274e-01
1.000000000000000000e+01 2.911179455488486223e-01 8.893216194185309398e-01
1.000000000000000000e+01 2.917576878474239521e-01 8.890499048999185305e-01
1.000000000000000000e+01 2.923843412474679271e-01 8.873290462820396796e-01
1.000000000000000000e+01 2.920415483383452804e-01 8.902273344805724520e-01
1.100000000000000000e+01 3.377531186390341778e-01 8.721130332397427631e-01
1.100000000000000000e+01 3.147200365661653731e-01 8.783624671678289531e-01
1.100000000000000000e+01 3.073687499171257609e-01 8.824381849470156469e-01
1.100000000000000000e+01 3.054924275235872400e-01 8.834344715152613325e-01
1.100000000000000000e+01 3.067937874818375543e-01 8.799021827732995682e-01
1.100000000000000000e+01 3.027709377448133399e-01 8.822570419346074111e-01
1.100000000000000000e+01 3.017241556354656740e-01 8.850647586269360101e-01
1.100000000000000000e+01 3.032590851653578223e-01 8.855176161579566552e-01
1.100000000000000000e+01 3.036787483332584747e-01 8.798116112670953948e-01
1.100000000000000000e+01 3.030469241105541167e-01 8.792681822298704652e-01
1.100000000000000000e+01 3.000638391990857468e-01 8.791776107236662918e-01
1.100000000000000000e+01 3.011483372890464416e-01 8.817136128973824816e-01
1.100000000000000000e+01 3.025816860833078215e-01 8.807173263291369070e-01
1.100000000000000000e+01 3.019326597441050475e-01 8.833439000090571591e-01
1.100000000000000000e+01 2.971112990752906580e-01 8.830721854904447499e-01
1.200000000000000000e+01 3.304579479633104055e-01 8.714790326963137712e-01
1.200000000000000000e+01 3.100216838425715049e-01 8.807173263291369070e-01
1.200000000000000000e+01 3.081469261977383134e-01 8.817136128973824816e-01
1.200000000000000000e+01 2.987998129223041199e-01 8.860610451951815847e-01
1.200000000000000000e+01 2.961067611235373431e-01 8.861516167013857581e-01
1.200000000000000000e+01 2.969693216935129221e-01 8.875101892944479154e-01
1.200000000000000000e+01 2.965546717553510514e-01 8.870573317634272703e-01
1.200000000000000000e+01 2.938972529557070112e-01 8.880536183316728449e-01
1.200000000000000000e+01 2.912022042393646593e-01 8.884159043564894276e-01
1.200000000000000000e+01 2.890959483935410801e-01 8.907707635177972705e-01
1.200000000000000000e+01 2.896717181702038180e-01 8.886876188751019479e-01
1.200000000000000000e+01 2.900915471057307626e-01 8.905896205053890347e-01
1.200000000000000000e+01 2.871767258188573368e-01 8.912236210488180266e-01
1.200000000000000000e+01 2.900911190464078859e-01 8.887781903813060103e-01
1.200000000000000000e+01 2.880601675473525858e-01 8.899556199619599317e-01
1.300000000000000000e+01 3.340069080044851813e-01 8.704827461280680856e-01
1.300000000000000000e+01 3.122829673258237793e-01 8.804456118105243867e-01
1.300000000000000000e+01 3.042440139776698693e-01 8.837061860338737418e-01
1.300000000000000000e+01 3.019386582371061944e-01 8.856081876641608286e-01
1.300000000000000000e+01 2.980927309092335498e-01 8.867856172448147500e-01
1.300000000000000000e+01 3.055885211299125825e-01 8.788153246988497092e-01
1.300000000000000000e+01 3.000882553301408295e-01 8.839779005524861510e-01
1.300000000000000000e+01 2.958668949534806747e-01 8.861516167013857581e-01
1.300000000000000000e+01 2.931884097550164769e-01 8.879630468254686715e-01
1.300000000000000000e+01 2.942365675404896019e-01 8.870573317634272703e-01
1.300000000000000000e+01 2.951231021668143661e-01 8.885970473688977744e-01
1.300000000000000000e+01 2.910497290526258829e-01 8.878724753192646091e-01
1.300000000000000000e+01 2.978342916369274285e-01 8.842496150710986713e-01
1.300000000000000000e+01 2.956681058826625685e-01 8.833439000090571591e-01
1.300000000000000000e+01 2.990023197767886498e-01 8.824381849470156469e-01
1.400000000000000000e+01 3.360063212176943592e-01 8.742867493886423702e-01
1.400000000000000000e+01 3.134788855357462656e-01 8.801738972919119774e-01
1.400000000000000000e+01 3.121683795061851452e-01 8.828910424780364030e-01
1.400000000000000000e+01 3.052770491727739288e-01 8.815324698849741347e-01
1.400000000000000000e+01 2.985282134466813453e-01 8.854270446517525928e-01
1.400000000000000000e+01 2.969758846453022239e-01 8.856081876641608286e-01
1.400000000000000000e+01 2.965387461802566071e-01 8.881441898378770183e-01
1.400000000000000000e+01 3.020103682200344641e-01 8.821664704284032377e-01
1.400000000000000000e+01 3.014121216430778460e-01 8.824381849470156469e-01
1.400000000000000000e+01 2.918314091671584398e-01 8.882347613440811918e-01
1.400000000000000000e+01 2.921324088170909605e-01 8.876007608006520888e-01
1.400000000000000000e+01 2.937592874596708925e-01 8.897744769495516959e-01
1.400000000000000000e+01 2.918695364479009791e-01 8.885970473688977744e-01
1.400000000000000000e+01 2.977017867030519738e-01 8.818947559097908284e-01
1.400000000000000000e+01 3.061128485551269929e-01 8.771850375871750316e-01
1.500000000000000000e+01 3.352511573124691280e-01 8.750113214382755356e-01
1.500000000000000000e+01 3.213924614310303407e-01 8.750113214382755356e-01
1.500000000000000000e+01 3.083724827569881421e-01 8.809890408477493162e-01
1.500000000000000000e+01 3.011701953131410425e-01 8.827098994656281672e-01
1.500000000000000000e+01 3.016745902982187477e-01 8.834344715152613325e-01
1.500000000000000000e+01 3.213534042699040527e-01 8.810796123539534896e-01
1.500000000000000000e+01 2.986003600714704498e-01 8.842496150710986713e-01
1.500000000000000000e+01 2.999924087370633430e-01 8.825287564532198203e-01
1.500000000000000000e+01 2.958192436217015331e-01 8.832533285028529857e-01
1.500000000000000000e+01 2.969000896432798520e-01 8.849741871207318367e-01
1.500000000000000000e+01 2.999124004195984350e-01 8.832533285028529857e-01
1.500000000000000000e+01 2.972387723743135646e-01 8.852459016393442459e-01
1.500000000000000000e+01 2.936954731937019836e-01 8.862421882075899315e-01
1.500000000000000000e+01 2.941614050649282164e-01 8.856987591703650020e-01
1.500000000000000000e+01 2.947032799033582617e-01 8.848836156145276632e-01
1.600000000000000000e+01 3.353918918104831226e-01 8.764604655375418663e-01
1.600000000000000000e+01 3.189971155703193451e-01 8.790870392174622294e-01
1.600000000000000000e+01 3.080820614124419876e-01 8.817136128973824816e-01
1.600000000000000000e+01 3.055248348857497742e-01 8.828004709718322296e-01
1.600000000000000000e+01 3.030902519085944546e-01 8.828910424780364030e-01
1.600000000000000000e+01 3.037712505750805869e-01 8.848836156145276632e-01
1.600000000000000000e+01 2.981480710544049950e-01 8.871479032696313327e-01
1.600000000000000000e+01 2.942634447995021163e-01 8.877819038130604357e-01
1.600000000000000000e+01 2.960626751589518491e-01 8.875101892944479154e-01
1.600000000000000000e+01 2.951625618277898266e-01 8.876007608006520888e-01
1.600000000000000000e+01 3.021306435999496776e-01 8.836156145276695684e-01
1.600000000000000000e+01 2.958373567410605975e-01 8.875101892944479154e-01
1.600000000000000000e+01 2.923045079457886608e-01 8.885970473688977744e-01
1.600000000000000000e+01 2.989240135445686564e-01 8.828004709718322296e-01
1.600000000000000000e+01 2.933933674678840808e-01 8.888687618875101837e-01
1.700000000000000000e+01 3.336777141686003145e-01 8.760076080065211102e-01
1.700000000000000000e+01 3.135981788390326264e-01 8.802644687981161509e-01
1.700000000000000000e+01 3.063725610240870534e-01 8.834344715152613325e-01
1.700000000000000000e+01 3.004293839574401770e-01 8.864233312199981674e-01
1.700000000000000000e+01 2.983682288118256754e-01 8.861516167013857581e-01
1.700000000000000000e+01 2.968728062621576735e-01 8.863327597137939939e-01
1.700000000000000000e+01 2.963013719011354796e-01 8.872384747758355061e-01
1.700000000000000000e+01 2.957614501164511633e-01 8.895027624309391756e-01
1.700000000000000000e+01 2.956374322215357120e-01 8.856081876641608286e-01
1.700000000000000000e+01 2.945117909405925438e-01 8.876007608006520888e-01
1.700000000000000000e+01 2.905601996285232524e-01 8.893216194185309398e-01
1.700000000000000000e+01 3.010291027731674118e-01 8.828004709718322296e-01
1.700000000000000000e+01 2.916810097532698820e-01 8.884159043564894276e-01
1.700000000000000000e+01 2.900575319251689210e-01 8.904990489991848612e-01
1.700000000000000000e+01 2.900551259667393245e-01 8.904084774929806878e-01
1.800000000000000000e+01 3.390583545854825576e-01 8.741961778824381968e-01
1.800000000000000000e+01 3.151818034034561400e-01 8.804456118105243867e-01
1.800000000000000000e+01 3.048323332903343785e-01 8.837967575400779152e-01
1.800000000000000000e+01 3.030523458147386662e-01 8.848836156145276632e-01
1.800000000000000000e+01 2.999324925346256721e-01 8.840684720586903245e-01
1.800000000000000000e+01 2.987819669252659294e-01 8.851553301331400725e-01
1.800000000000000000e+01 2.986519959395568247e-01 8.853364731455484193e-01
1.800000000000000000e+01 3.001026481337448759e-01 8.867856172448147500e-01
1.800000000000000000e+01 2.981700380464566980e-01 8.856987591703650020e-01
1.800000000000000000e+01 2.919702258328447653e-01 8.896839054433475225e-01
1.800000000000000000e+01 2.931821198318462773e-01 8.880536183316728449e-01
1.800000000000000000e+01 2.935228031616933242e-01 8.886876188751019479e-01
1.800000000000000000e+01 2.905764713096170571e-01 8.891404764061225929e-01
1.800000000000000000e+01 2.917861948061293842e-01 8.904084774929806878e-01
1.800000000000000000e+01 3.081752965788074339e-01 8.808984693415451428e-01
1.900000000000000000e+01 3.338320228295141856e-01 8.751018929444797090e-01
1.900000000000000000e+01 3.136907467242293635e-01 8.820758989221990642e-01
1.900000000000000000e+01 3.069365646365335709e-01 8.833439000090571591e-01
1.900000000000000000e+01 3.051980097675275339e-01 8.846119010959152540e-01
1.900000000000000000e+01 3.017789508873516824e-01 8.869667602572230969e-01
1.900000000000000000e+01 2.997966563849990829e-01 8.878724753192646091e-01
1.900000000000000000e+01 3.009345354550186369e-01 8.862421882075899315e-01
1.900000000000000000e+01 2.953211023947273639e-01 8.877819038130604357e-01
1.900000000000000000e+01 2.949678513910529709e-01 8.889593333937143571e-01
1.900000000000000000e+01 2.933980329112879093e-01 8.893216194185309398e-01
1.900000000000000000e+01 2.910694074554458499e-01 8.898650484557558693e-01
1.900000000000000000e+01 2.922870001718160804e-01 8.897744769495516959e-01
1.900000000000000000e+01 2.975783335973603561e-01 8.850647586269360101e-01
1.900000000000000000e+01 2.899166961959560029e-01 8.876913323068562622e-01
1.900000000000000000e+01 2.927760707640069127e-01 8.893216194185309398e-01
2.000000000000000000e+01 3.333634514353691070e-01 8.760076080065211102e-01
2.000000000000000000e+01 3.127563995958552723e-01 8.806267548229327335e-01
2.000000000000000000e+01 3.109768844195187620e-01 8.820758989221990642e-01
2.000000000000000000e+01 3.050733291291472526e-01 8.848836156145276632e-01
2.000000000000000000e+01 3.034280546547395985e-01 8.833439000090571591e-01
2.000000000000000000e+01 3.002850421665212988e-01 8.844307580835069071e-01
2.000000000000000000e+01 3.004875921440309239e-01 8.830721854904447499e-01
2.000000000000000000e+01 2.955219338795382900e-01 8.884159043564894276e-01
2.000000000000000000e+01 3.084040288911786831e-01 8.820758989221990642e-01
2.000000000000000000e+01 3.028182992533260398e-01 8.853364731455484193e-01
2.000000000000000000e+01 2.963983486123401012e-01 8.862421882075899315e-01
2.000000000000000000e+01 2.954509732364887231e-01 8.856081876641608286e-01
2.000000000000000000e+01 2.981654918661374443e-01 8.849741871207318367e-01
2.000000000000000000e+01 3.100350686813929668e-01 8.769133230685626224e-01
2.000000000000000000e+01 3.099441855251460765e-01 8.758264649941128743e-01
2.100000000000000000e+01 3.378374791683578793e-01 8.766416085499502131e-01
2.100000000000000000e+01 3.171028620919620900e-01 8.777284666243999611e-01
2.100000000000000000e+01 3.070401817462727889e-01 8.821664704284032377e-01
2.100000000000000000e+01 3.058537216246372537e-01 8.828910424780364030e-01
2.100000000000000000e+01 3.024362049178729861e-01 8.847024726021194274e-01
2.100000000000000000e+01 3.010240271015754976e-01 8.851553301331400725e-01
2.100000000000000000e+01 3.201142307574925683e-01 8.792681822298704652e-01
2.100000000000000000e+01 3.031284142173060747e-01 8.840684720586903245e-01
2.100000000000000000e+01 3.023690993316605069e-01 8.835250430214653949e-01
2.100000000000000000e+01 2.975185038755328026e-01 8.867856172448147500e-01
2.100000000000000000e+01 3.015690352355860915e-01 8.834344715152613325e-01
2.100000000000000000e+01 3.046743056017411910e-01 8.832533285028529857e-01
2.100000000000000000e+01 2.959974016319849577e-01 8.883253328502852542e-01
2.100000000000000000e+01 3.013338645060280596e-01 8.833439000090571591e-01
2.100000000000000000e+01 3.007203348362939566e-01 8.810796123539534896e-01
2.200000000000000000e+01 3.384205043390665080e-01 8.732904628203966846e-01
2.200000000000000000e+01 3.139023429077143490e-01 8.808078978353409694e-01
2.200000000000000000e+01 3.103549022155362991e-01 8.803550403043202133e-01
2.200000000000000000e+01 3.036375396043826669e-01 8.834344715152613325e-01
2.200000000000000000e+01 3.027778376495487977e-01 8.828004709718322296e-01
2.200000000000000000e+01 2.984082082148942217e-01 8.837967575400779152e-01
2.200000000000000000e+01 3.013727717012498752e-01 8.847024726021194274e-01
2.200000000000000000e+01 2.945259591809808453e-01 8.871479032696313327e-01
2.200000000000000000e+01 2.951809664806377409e-01 8.873290462820396796e-01
2.200000000000000000e+01 2.919511636724274051e-01 8.877819038130604357e-01
2.200000000000000000e+01 2.923457522229438443e-01 8.866044742324065142e-01
2.200000000000000000e+01 2.950410413685417010e-01 8.859704736889774113e-01
2.200000000000000000e+01 2.915168857036204431e-01 8.868761887510189235e-01
2.200000000000000000e+01 2.935516148824892646e-01 8.895933339371433490e-01
2.200000000000000000e+01 2.903334741158763999e-01 8.882347613440811918e-01
2.300000000000000000e+01 3.327621369340577062e-01 8.753736074630921182e-01
2.300000000000000000e+01 3.175471188828987712e-01 8.779096096368083080e-01
2.300000000000000000e+01 3.093062334951619530e-01 8.830721854904447499e-01
2.300000000000000000e+01 3.023411071869084865e-01 8.862421882075899315e-01
2.300000000000000000e+01 3.009902562635837220e-01 8.838873290462820886e-01
2.300000000000000000e+01 3.018030511325112131e-01 8.856987591703650020e-01
2.300000000000000000e+01 2.957713059733182437e-01 8.872384747758355061e-01
2.300000000000000000e+01 2.946242238715661710e-01 8.875101892944479154e-01
2.300000000000000000e+01 2.949178679720227403e-01 8.874196177882438530e-01
2.300000000000000000e+01 2.972872729442671003e-01 8.833439000090571591e-01
2.300000000000000000e+01 2.957734941321399913e-01 8.890499048999185305e-01
2.300000000000000000e+01 2.919307396465312121e-01 8.879630468254686715e-01
2.300000000000000000e+01 2.912056271564854582e-01 8.893216194185309398e-01
2.300000000000000000e+01 2.934216055083664898e-01 8.858799021827733489e-01
2.300000000000000000e+01 2.896702027852114392e-01 8.899556199619599317e-01
2.400000000000000000e+01 3.348395693910141691e-01 8.751924644506837714e-01
2.400000000000000000e+01 3.100035036512116537e-01 8.838873290462820886e-01
2.400000000000000000e+01 3.148058704690586684e-01 8.820758989221990642e-01
2.400000000000000000e+01 3.026949804540121081e-01 8.848836156145276632e-01
2.400000000000000000e+01 3.013057058464554405e-01 8.873290462820396796e-01
2.400000000000000000e+01 2.984929233425784312e-01 8.860610451951815847e-01
2.400000000000000000e+01 2.923842105757345489e-01 8.878724753192646091e-01
2.400000000000000000e+01 2.987740885522230383e-01 8.856987591703650020e-01
2.400000000000000000e+01 2.915471375416259225e-01 8.874196177882438530e-01
2.400000000000000000e+01 3.001765934464487029e-01 8.828910424780364030e-01
2.400000000000000000e+01 2.920617090030496743e-01 8.876007608006520888e-01
2.400000000000000000e+01 2.873999418886453716e-01 8.909519065302056173e-01
2.400000000000000000e+01 2.870828269657318410e-01 8.904990489991848612e-01
2.400000000000000000e+01 2.914399499573385177e-01 8.888687618875101837e-01
2.400000000000000000e+01 2.879894388027489094e-01 8.888687618875101837e-01
2.500000000000000000e+01 3.299321369961789596e-01 8.736527488452132673e-01
2.500000000000000000e+01 3.119305263356461633e-01 8.813513268725658989e-01
2.500000000000000000e+01 3.062175762367754239e-01 8.827098994656281672e-01
2.500000000000000000e+01 3.061371198739568089e-01 8.847024726021194274e-01
2.500000000000000000e+01 3.014324798205204048e-01 8.832533285028529857e-01
2.500000000000000000e+01 3.027042024886769656e-01 8.843401865773027337e-01
2.500000000000000000e+01 2.999876910116818229e-01 8.835250430214653949e-01
2.500000000000000000e+01 3.022742385313816893e-01 8.812607553663617255e-01
2.500000000000000000e+01 2.984723428437560111e-01 8.835250430214653949e-01
2.500000000000000000e+01 2.973164734566416945e-01 8.853364731455484193e-01
2.500000000000000000e+01 2.939908378504799136e-01 8.866950457386106876e-01
2.500000000000000000e+01 2.936748476758483384e-01 8.846119010959152540e-01
2.500000000000000000e+01 2.928997168743137092e-01 8.850647586269360101e-01
2.500000000000000000e+01 2.959730486080615619e-01 8.853364731455484193e-01
2.500000000000000000e+01 2.924812413098694108e-01 8.886876188751019479e-01
2.600000000000000000e+01 3.414467923969616292e-01 8.741961778824381968e-01
2.600000000000000000e+01 3.210342257165978985e-01 8.790870392174622294e-01
2.600000000000000000e+01 3.077768267748696718e-01 8.846119010959152540e-01
2.600000000000000000e+01 3.120597721229418364e-01 8.796304682546870479e-01
2.600000000000000000e+01 3.028627030082904348e-01 8.854270446517525928e-01
2.600000000000000000e+01 3.079549995958686393e-01 8.829816139842405764e-01
2.600000000000000000e+01 2.973477373321998241e-01 8.866950457386106876e-01
2.600000000000000000e+01 2.959177005957512319e-01 8.875101892944479154e-01
2.600000000000000000e+01 2.949416235577759227e-01 8.871479032696313327e-01
2.600000000000000000e+01 2.948131628586036501e-01 8.876007608006520888e-01
2.600000000000000000e+01 2.921507460912157184e-01 8.884159043564894276e-01
2.600000000000000000e+01 2.948062515036869446e-01 8.877819038130604357e-01
2.600000000000000000e+01 2.967709879693379293e-01 8.870573317634272703e-01
2.600000000000000000e+01 2.927711604617451169e-01 8.877819038130604357e-01
2.600000000000000000e+01 2.924851059473258519e-01 8.889593333937143571e-01
2.700000000000000000e+01 3.444543876370150248e-01 8.742867493886423702e-01
2.700000000000000000e+01 3.151702717244446172e-01 8.803550403043202133e-01
2.700000000000000000e+01 3.065382586504262763e-01 8.828910424780364030e-01
2.700000000000000000e+01 3.080962092359910698e-01 8.821664704284032377e-01
2.700000000000000000e+01 3.044106831366740762e-01 8.842496150710986713e-01
2.700000000000000000e+01 2.979449571712618483e-01 8.855176161579566552e-01
2.700000000000000000e+01 3.020336673248833481e-01 8.854270446517525928e-01
2.700000000000000000e+01 2.997741652678242996e-01 8.843401865773027337e-01
2.700000000000000000e+01 2.932065546713845117e-01 8.881441898378770183e-01
2.700000000000000000e+01 2.954781144600472365e-01 8.858799021827733489e-01
2.700000000000000000e+01 2.914100412949475194e-01 8.876913323068562622e-01
2.700000000000000000e+01 2.985255193304698906e-01 8.863327597137939939e-01
2.700000000000000000e+01 2.958923302132798194e-01 8.880536183316728449e-01
2.700000000000000000e+01 2.907093565192656048e-01 8.884159043564894276e-01
2.700000000000000000e+01 2.932478183063484956e-01 8.891404764061225929e-01
2.800000000000000000e+01 3.299648056087898795e-01 8.739244633638257875e-01
2.800000000000000000e+01 3.145816877312919702e-01 8.797210397608912213e-01
2.800000000000000000e+01 3.077458067381778628e-01 8.837967575400779152e-01
2.800000000000000000e+01 3.067662061291883124e-01 8.850647586269360101e-01
2.800000000000000000e+01 3.026319950905348999e-01 8.863327597137939939e-01
2.800000000000000000e+01 3.029816950687907462e-01 8.844307580835069071e-01
2.800000000000000000e+01 3.024237369150778454e-01 8.844307580835069071e-01
2.800000000000000000e+01 2.995717214544350027e-01 8.876913323068562622e-01
2.800000000000000000e+01 2.993951495365059223e-01 8.882347613440811918e-01
2.800000000000000000e+01 3.026189801823492842e-01 8.872384747758355061e-01
2.800000000000000000e+01 3.008002284898650402e-01 8.843401865773027337e-01
2.800000000000000000e+01 3.059820558348772535e-01 8.813513268725658989e-01
2.800000000000000000e+01 2.953064668781885116e-01 8.862421882075899315e-01
2.800000000000000000e+01 3.153827423904043692e-01 8.728376052893759285e-01
2.800000000000000000e+01 3.018370409998208381e-01 8.817136128973824816e-01
2.900000000000000000e+01 3.313091372630317943e-01 8.752830359568879448e-01
2.900000000000000000e+01 3.129435162589773167e-01 8.800833257857078040e-01
2.900000000000000000e+01 3.055637983640629995e-01 8.828910424780364030e-01
2.900000000000000000e+01 3.028803630054237028e-01 8.834344715152613325e-01
2.900000000000000000e+01 3.005034138036522529e-01 8.841590435648944979e-01
2.900000000000000000e+01 2.961292027644006897e-01 8.866044742324065142e-01
2.900000000000000000e+01 2.963425511508070431e-01 8.866044742324065142e-01
2.900000000000000000e+01 2.956957484063600372e-01 8.863327597137939939e-01
2.900000000000000000e+01 3.010874093183423250e-01 8.841590435648944979e-01
2.900000000000000000e+01 2.984120608531320995e-01 8.832533285028529857e-01
2.900000000000000000e+01 2.903580795639191803e-01 8.899556199619599317e-01
2.900000000000000000e+01 2.999945229253512813e-01 8.845213295897110806e-01
2.900000000000000000e+01 2.914989783571627080e-01 8.873290462820396796e-01
2.900000000000000000e+01 2.911912705938430879e-01 8.885064758626936010e-01
2.900000000000000000e+01 2.873269460581254209e-01 8.910424780364097908e-01
3.000000000000000000e+01 3.287645997956142874e-01 8.773661805995833785e-01
3.000000000000000000e+01 3.094784719666207606e-01 8.814418983787700723e-01
3.000000000000000000e+01 3.061225759696125093e-01 8.839779005524861510e-01
3.000000000000000000e+01 3.212448410964626189e-01 8.781813241554207172e-01
3.000000000000000000e+01 3.043566564763194870e-01 8.856987591703650020e-01
3.000000000000000000e+01 3.004623065902867207e-01 8.882347613440811918e-01
3.000000000000000000e+01 2.959615861386811209e-01 8.866044742324065142e-01
3.000000000000000000e+01 2.929320374742487854e-01 8.882347613440811918e-01
3.000000000000000000e+01 2.964839079404024136e-01 8.887781903813060103e-01
3.000000000000000000e+01 2.919942859790466971e-01 8.895027624309391756e-01
3.000000000000000000e+01 2.918740010854238287e-01 8.894121909247351132e-01
3.000000000000000000e+01 2.883414697473221655e-01 8.907707635177972705e-01
3.000000000000000000e+01 2.950170990552219430e-01 8.893216194185309398e-01
3.000000000000000000e+01 2.944611845454860322e-01 8.893216194185309398e-01
3.000000000000000000e+01 2.851493770210709044e-01 8.903179059867765144e-01
3.100000000000000000e+01 3.374181574593753674e-01 8.750113214382755356e-01
3.100000000000000000e+01 3.147757844136518934e-01 8.790870392174622294e-01
3.100000000000000000e+01 3.078684096906206813e-01 8.828910424780364030e-01
3.100000000000000000e+01 3.063119937913837409e-01 8.833439000090571591e-01
3.100000000000000000e+01 3.033759492094258992e-01 8.837967575400779152e-01
3.100000000000000000e+01 3.042234968480585500e-01 8.839779005524861510e-01
3.100000000000000000e+01 3.017108652282647352e-01 8.852459016393442459e-01
3.100000000000000000e+01 2.989027023653425541e-01 8.844307580835069071e-01
3.100000000000000000e+01 2.974039224094440770e-01 8.847930441083234898e-01
3.100000000000000000e+01 2.957767090678161126e-01 8.849741871207318367e-01
3.100000000000000000e+01 3.026085695384232999e-01 8.819853274159948908e-01
3.100000000000000000e+01 2.928658168432771158e-01 8.880536183316728449e-01
3.100000000000000000e+01 2.902645438715374948e-01 8.888687618875101837e-01
3.100000000000000000e+01 2.928521611064393571e-01 8.846119010959152540e-01
3.100000000000000000e+01 2.949821172733821939e-01 8.863327597137939939e-01
3.200000000000000000e+01 3.284876416264407850e-01 8.756453219817045275e-01
3.200000000000000000e+01 3.112710576413200703e-01 8.804456118105243867e-01
3.200000000000000000e+01 3.073006149033408185e-01 8.819853274159948908e-01
3.200000000000000000e+01 3.056639975576057044e-01 8.817136128973824816e-01
3.200000000000000000e+01 3.037088053604978799e-01 8.824381849470156469e-01
3.200000000000000000e+01 3.005172042876032013e-01 8.834344715152613325e-01
3.200000000000000000e+01 2.979238605713380728e-01 8.835250430214653949e-01
3.200000000000000000e+01 2.962869702712973008e-01 8.850647586269360101e-01
3.200000000000000000e+01 2.997893786047117204e-01 8.852459016393442459e-01
3.200000000000000000e+01 2.942454382794421619e-01 8.862421882075899315e-01
3.200000000000000000e+01 2.931300127953562762e-01 8.865139027262023408e-01
3.200000000000000000e+01 2.931760606380342526e-01 8.866044742324065142e-01
3.200000000000000000e+01 2.983754194565415574e-01 8.847930441083234898e-01
3.200000000000000000e+01 2.968775216577618781e-01 8.832533285028529857e-01
3.200000000000000000e+01 2.907159420044366782e-01 8.865139027262023408e-01
3.300000000000000000e+01 3.298945986266297870e-01 8.765510370437460397e-01
3.300000000000000000e+01 3.111231090955098311e-01 8.820758989221990642e-01
3.300000000000000000e+01 3.112335367679994746e-01 8.818041844035866550e-01
3.300000000000000000e+01 3.021025660230740595e-01 8.840684720586903245e-01
3.300000000000000000e+01 3.009394334184794517e-01 8.846119010959152540e-01
3.300000000000000000e+01 2.988819849501342940e-01 8.845213295897110806e-01
3.300000000000000000e+01 2.982050235830147611e-01 8.867856172448147500e-01
3.300000000000000000e+01 3.073173448331784630e-01 8.817136128973824816e-01
3.300000000000000000e+01 2.970774442637091894e-01 8.877819038130604357e-01
3.300000000000000000e+01 3.086091323964440525e-01 8.786341816864414733e-01
3.300000000000000000e+01 2.973771599337879379e-01 8.851553301331400725e-01
3.300000000000000000e+01 3.022560055870793239e-01 8.837061860338737418e-01
3.300000000000000000e+01 2.915890806880891972e-01 8.876913323068562622e-01
3.300000000000000000e+01 3.138149637870674136e-01 8.814418983787700723e-01
3.300000000000000000e+01 3.114772239141417320e-01 8.732904628203966846e-01
3.400000000000000000e+01 3.312013996091050516e-01 8.761887510189294570e-01
3.400000000000000000e+01 3.121595496175387785e-01 8.803550403043202133e-01
3.400000000000000000e+01 3.059869067601161952e-01 8.828910424780364030e-01
3.400000000000000000e+01 3.033619421268238248e-01 8.832533285028529857e-01
3.400000000000000000e+01 3.031261465951053946e-01 8.852459016393442459e-01
3.400000000000000000e+01 3.040652170564713264e-01 8.859704736889774113e-01
3.400000000000000000e+01 2.961700307099036644e-01 8.865139027262023408e-01
3.400000000000000000e+01 2.964538921722039144e-01 8.863327597137939939e-01
3.400000000000000000e+01 2.946127570144320695e-01 8.875101892944479154e-01
3.400000000000000000e+01 2.926512400001137770e-01 8.867856172448147500e-01
3.400000000000000000e+01 2.940227936581907286e-01 8.853364731455484193e-01
3.400000000000000000e+01 2.991352136905306436e-01 8.822570419346074111e-01
3.400000000000000000e+01 2.929476748675950981e-01 8.861516167013857581e-01
3.400000000000000000e+01 2.922023308317298063e-01 8.836156145276695684e-01
3.400000000000000000e+01 2.922405483590511666e-01 8.895933339371433490e-01
3.500000000000000000e+01 3.331622201747125867e-01 8.750113214382755356e-01
3.500000000000000000e+01 3.119472823694819930e-01 8.810796123539534896e-01
3.500000000000000000e+01 3.103990367715038778e-01 8.817136128973824816e-01
3.500000000000000000e+01 3.043582276919639673e-01 8.824381849470156469e-01
3.500000000000000000e+01 3.023516497572089623e-01 8.851553301331400725e-01
3.500000000000000000e+01 3.000730693276995598e-01 8.849741871207318367e-01
3.500000000000000000e+01 2.995968146640451413e-01 8.847024726021194274e-01
3.500000000000000000e+01 2.984553221872338069e-01 8.848836156145276632e-01
3.500000000000000000e+01 3.028557167726104171e-01 8.844307580835069071e-01
3.500000000000000000e+01 2.992180034705564928e-01 8.856081876641608286e-01
3.500000000000000000e+01 2.989385110204560991e-01 8.856987591703650020e-01
3.500000000000000000e+01 3.020356153924135811e-01 8.852459016393442459e-01
3.500000000000000000e+01 2.974245429442084476e-01 8.869667602572230969e-01
3.500000000000000000e+01 3.002527496706851595e-01 8.863327597137939939e-01
3.500000000000000000e+01 2.968839559678580486e-01 8.875101892944479154e-01
3.600000000000000000e+01 3.359616321013936258e-01 8.741056063762340234e-01
3.600000000000000000e+01 3.141797694180261113e-01 8.795398967484828745e-01
3.600000000000000000e+01 3.041401101124994732e-01 8.832533285028529857e-01
3.600000000000000000e+01 3.023467803715323421e-01 8.849741871207318367e-01
3.600000000000000000e+01 3.000563923887383244e-01 8.849741871207318367e-01
3.600000000000000000e+01 3.005358120443564207e-01 8.836156145276695684e-01
3.600000000000000000e+01 3.004147029670479752e-01 8.829816139842405764e-01
3.600000000000000000e+01 2.955347133948466043e-01 8.878724753192646091e-01
3.600000000000000000e+01 2.943451354848241053e-01 8.866950457386106876e-01
3.600000000000000000e+01 2.931179294479743791e-01 8.914047640612263734e-01
3.600000000000000000e+01 2.920242239754522462e-01 8.890499048999185305e-01
3.600000000000000000e+01 3.035082963472829909e-01 8.843401865773027337e-01
3.600000000000000000e+01 2.904086384235478047e-01 8.893216194185309398e-01
3.600000000000000000e+01 2.904801635711144470e-01 8.914047640612263734e-01
3.600000000000000000e+01 2.910023295082193595e-01 8.883253328502852542e-01
3.700000000000000000e+01 3.276523991574633587e-01 8.768227515623584489e-01
3.700000000000000000e+01 3.088601312604125071e-01 8.808078978353409694e-01
3.700000000000000000e+01 3.058593494302396798e-01 8.829816139842405764e-01
3.700000000000000000e+01 3.060009673169433730e-01 8.822570419346074111e-01
3.700000000000000000e+01 3.014622605779845865e-01 8.820758989221990642e-01
3.700000000000000000e+01 2.963026937998773369e-01 8.859704736889774113e-01
3.700000000000000000e+01 2.973387444822523373e-01 8.863327597137939939e-01
3.700000000000000000e+01 2.974346093134596081e-01 8.878724753192646091e-01
3.700000000000000000e+01 2.926580728237702100e-01 8.881441898378770183e-01
3.700000000000000000e+01 2.960035099909839595e-01 8.876913323068562622e-01
3.700000000000000000e+01 2.913029159183012640e-01 8.899556199619599317e-01
3.700000000000000000e+01 2.872050189097002937e-01 8.911330495426138532e-01
3.700000000000000000e+01 2.912749191369276569e-01 8.875101892944479154e-01
3.700000000000000000e+01 2.863071846152924205e-01 8.908613350240014439e-01
3.700000000000000000e+01 2.946438705732371544e-01 8.860610451951815847e-01
3.800000000000000000e+01 3.325231656326796958e-01 8.729281767955801019e-01
3.800000000000000000e+01 3.124952537116695850e-01 8.822570419346074111e-01
3.800000000000000000e+01 3.157330322163796055e-01 8.775473236119916143e-01
3.800000000000000000e+01 3.016628164036919690e-01 8.846119010959152540e-01
3.800000000000000000e+01 2.975527864820168844e-01 8.860610451951815847e-01
3.800000000000000000e+01 2.953605883951412880e-01 8.883253328502852542e-01
3.800000000000000000e+01 2.942694492449101085e-01 8.865139027262023408e-01
3.800000000000000000e+01 2.998685470600802039e-01 8.874196177882438530e-01
3.800000000000000000e+01 2.910462144336978252e-01 8.898650484557558693e-01
3.800000000000000000e+01 2.964697271891206243e-01 8.876007608006520888e-01
3.800000000000000000e+01 2.928397806050525576e-01 8.906801920115932081e-01
3.800000000000000000e+01 2.897404613828211684e-01 8.892310479123267664e-01
3.800000000000000000e+01 2.919993400085020285e-01 8.865139027262023408e-01
3.800000000000000000e+01 2.948569527286943881e-01 8.854270446517525928e-01
3.800000000000000000e+01 2.910203180053296812e-01 8.878724753192646091e-01
3.900000000000000000e+01 3.346076276123676752e-01 8.729281767955801019e-01
3.900000000000000000e+01 3.137893720892726002e-01 8.782718956616248906e-01
3.900000000000000000e+01 3.187176137793786834e-01 8.747396069196631263e-01
3.900000000000000000e+01 3.076809736119022753e-01 8.799021827732995682e-01
3.900000000000000000e+01 3.075212536138935415e-01 8.806267548229327335e-01
3.900000000000000000e+01 3.093657168474872599e-01 8.765510370437460397e-01
3.900000000000000000e+01 3.012668972345454166e-01 8.837061860338737418e-01
3.900000000000000000e+01 2.989010755304618572e-01 8.846119010959152540e-01
3.900000000000000000e+01 3.017291995492509260e-01 8.816230413911783081e-01
3.900000000000000000e+01 2.960209757900947869e-01 8.852459016393442459e-01
3.900000000000000000e+01 2.985088341510836463e-01 8.836156145276695684e-01
3.900000000000000000e+01 3.089872859363563817e-01 8.762793225251336304e-01
3.900000000000000000e+01 3.033117658305172770e-01 8.823476134408114735e-01
3.900000000000000000e+01 2.972392745141063108e-01 8.804456118105243867e-01
3.900000000000000000e+01 3.059598615560384927e-01 8.770038945747667958e-01
4.000000000000000000e+01 3.349611749855694875e-01 8.745584639072547795e-01
4.000000000000000000e+01 3.179877880791704969e-01 8.776378951181957877e-01
4.000000000000000000e+01 3.054512614670371051e-01 8.823476134408114735e-01
4.000000000000000000e+01 3.037013162459127891e-01 8.818947559097908284e-01
4.000000000000000000e+01 3.008127285447789734e-01 8.845213295897110806e-01
4.000000000000000000e+01 3.015374112067871204e-01 8.843401865773027337e-01
4.000000000000000000e+01 2.988695426835445978e-01 8.847024726021194274e-01
4.000000000000000000e+01 2.933026303818986325e-01 8.870573317634272703e-01
4.000000000000000000e+01 2.931801129665651540e-01 8.865139027262023408e-01
4.000000000000000000e+01 2.947559561175006060e-01 8.883253328502852542e-01
4.000000000000000000e+01 2.940221324400608127e-01 8.846119010959152540e-01
4.000000000000000000e+01 2.948561470349061464e-01 8.859704736889774113e-01
4.000000000000000000e+01 2.938433113895436155e-01 8.840684720586903245e-01
4.000000000000000000e+01 2.957549166972393562e-01 8.877819038130604357e-01
4.000000000000000000e+01 2.925389433897211400e-01 8.847930441083234898e-01
4.100000000000000000e+01 3.294970720581937851e-01 8.762793225251336304e-01
4.100000000000000000e+01 3.141933708186319119e-01 8.799927542795036306e-01
4.100000000000000000e+01 3.085964824314134658e-01 8.812607553663617255e-01
4.100000000000000000e+01 3.051258194721363504e-01 8.817136128973824816e-01
4.100000000000000000e+01 3.036543128043172057e-01 8.837967575400779152e-01
4.100000000000000000e+01 3.012002990001496627e-01 8.835250430214653949e-01
4.100000000000000000e+01 2.993978130761345002e-01 8.838873290462820886e-01
4.100000000000000000e+01 3.052023497283897213e-01 8.824381849470156469e-01
4.100000000000000000e+01 2.939124576465768635e-01 8.868761887510189235e-01
4.100000000000000000e+01 2.927078385542146721e-01 8.878724753192646091e-01
4.100000000000000000e+01 3.008383149606950746e-01 8.830721854904447499e-01
4.100000000000000000e+01 2.901445017073295829e-01 8.885064758626936010e-01
4.100000000000000000e+01 2.916602667293373696e-01 8.879630468254686715e-01
4.100000000000000000e+01 2.941148498661210753e-01 8.863327597137939939e-01
4.100000000000000000e+01 2.881618076306044496e-01 8.880536183316728449e-01
4.200000000000000000e+01 3.458149772492448704e-01 8.751018929444797090e-01
4.200000000000000000e+01 3.221123697342547221e-01 8.809890408477493162e-01
4.200000000000000000e+01 3.120663750915201318e-01 8.814418983787700723e-01
4.200000000000000000e+01 3.097321597482466382e-01 8.825287564532198203e-01
4.200000000000000000e+01 3.094459360243732027e-01 8.832533285028529857e-01
4.200000000000000000e+01 3.076672693208391540e-01 8.828910424780364030e-01
4.200000000000000000e+01 3.059419542135505266e-01 8.843401865773027337e-01
4.200000000000000000e+01 3.037544471305487770e-01 8.843401865773027337e-01
4.200000000000000000e+01 3.100889235994193083e-01 8.821664704284032377e-01
4.200000000000000000e+01 3.172454937042353817e-01 8.778190381306041346e-01
4.200000000000000000e+01 3.221814712123310387e-01 8.751924644506837714e-01
4.200000000000000000e+01 3.172710531142324819e-01 8.718413187211303539e-01
4.200000000000000000e+01 3.096534107942409131e-01 8.816230413911783081e-01
4.200000000000000000e+01 3.002719361794732311e-01 8.819853274159948908e-01
4.200000000000000000e+01 3.187588710859242114e-01 8.729281767955801019e-01
4.300000000000000000e+01 3.366731965890897849e-01 8.760981795127252836e-01
4.300000000000000000e+01 3.133711680081951445e-01 8.800833257857078040e-01
4.300000000000000000e+01 3.103405574562962399e-01 8.811701838601575520e-01
4.300000000000000000e+01 3.068988527293285973e-01 8.837061860338737418e-01
4.300000000000000000e+01 3.016521752855282901e-01 8.829816139842405764e-01
4.300000000000000000e+01 2.983001094949719878e-01 8.846119010959152540e-01
4.300000000000000000e+01 2.998293112242466640e-01 8.821664704284032377e-01
4.300000000000000000e+01 3.013438872875786045e-01 8.837967575400779152e-01
4.300000000000000000e+01 2.955373568940746765e-01 8.854270446517525928e-01
4.300000000000000000e+01 2.984991041999862094e-01 8.866044742324065142e-01
4.300000000000000000e+01 2.987410087137275516e-01 8.871479032696313327e-01
4.300000000000000000e+01 2.941481495406068070e-01 8.853364731455484193e-01
4.300000000000000000e+01 2.914298622995566412e-01 8.872384747758355061e-01
4.300000000000000000e+01 2.952081513851735339e-01 8.845213295897110806e-01
4.300000000000000000e+01 2.930968466572237419e-01 8.876913323068562622e-01
4.400000000000000000e+01 3.400408586194221816e-01 8.687618875101893456e-01
4.400000000000000000e+01 3.114920680384757889e-01 8.813513268725658989e-01
4.400000000000000000e+01 3.044769502829950403e-01 8.842496150710986713e-01
4.400000000000000000e+01 3.040882177638613015e-01 8.841590435648944979e-01
4.400000000000000000e+01 2.998378611991421305e-01 8.849741871207318367e-01
4.400000000000000000e+01 2.994450989974576927e-01 8.855176161579566552e-01
4.400000000000000000e+01 2.946382920788443438e-01 8.877819038130604357e-01
4.400000000000000000e+01 2.933070585122366514e-01 8.883253328502852542e-01
4.400000000000000000e+01 2.918081281880412492e-01 8.887781903813060103e-01
4.400000000000000000e+01 2.907275691578035115e-01 8.885970473688977744e-01
4.400000000000000000e+01 2.911423081050052986e-01 8.891404764061225929e-01
4.400000000000000000e+01 3.022307659113735445e-01 8.834344715152613325e-01
4.400000000000000000e+01 2.880240444932352095e-01 8.898650484557558693e-01
4.400000000000000000e+01 2.949510778850181758e-01 8.877819038130604357e-01
4.400000000000000000e+01 2.896043307138335687e-01 8.891404764061225929e-01
4.500000000000000000e+01 3.371146766373523396e-01 8.731998913141925112e-01
4.500000000000000000e+01 3.164402409105136482e-01 8.788153246988497092e-01
4.500000000000000000e+01 3.108370900598644848e-01 8.817136128973824816e-01
4.500000000000000000e+01 3.072015730962611157e-01 8.827098994656281672e-01
4.500000000000000000e+01 3.094420286151726152e-01 8.807173263291369070e-01
4.500000000000000000e+01 3.037954827401300739e-01 8.824381849470156469e-01
4.500000000000000000e+01 3.030045654656289833e-01 8.825287564532198203e-01
4.500000000000000000e+01 3.020516796413423855e-01 8.834344715152613325e-01
4.500000000000000000e+01 3.015977219974239620e-01 8.828910424780364030e-01
4.500000000000000000e+01 2.992280512792081515e-01 8.842496150710986713e-01
4.500000000000000000e+01 2.995983920236476861e-01 8.833439000090571591e-01
4.500000000000000000e+01 2.977166575527579462e-01 8.854270446517525928e-01
4.500000000000000000e+01 2.973825354384449504e-01 8.843401865773027337e-01
4.500000000000000000e+01 3.020963266463378982e-01 8.797210397608912213e-01
4.500000000000000000e+01 2.953501091144348778e-01 8.854270446517525928e-01
4.600000000000000000e+01 3.329800126063425236e-01 8.770038945747667958e-01
4.600000000000000000e+01 3.137104430993565840e-01 8.811701838601575520e-01
4.600000000000000000e+01 3.071851958537580862e-01 8.843401865773027337e-01
4.600000000000000000e+01 3.048930287158870822e-01 8.849741871207318367e-01
4.600000000000000000e+01 3.040585274895918344e-01 8.828004709718322296e-01
4.600000000000000000e+01 2.995557162349173352e-01 8.860610451951815847e-01
4.600000000000000000e+01 3.017771371009148607e-01 8.861516167013857581e-01
4.600000000000000000e+01 2.961521170054148278e-01 8.872384747758355061e-01
4.600000000000000000e+01 2.963972353960391271e-01 8.860610451951815847e-01
4.600000000000000000e+01 3.044681539192093944e-01 8.821664704284032377e-01
4.600000000000000000e+01 3.049026099268993817e-01 8.806267548229327335e-01
4.600000000000000000e+01 2.934369808672138147e-01 8.874196177882438530e-01
4.600000000000000000e+01 3.006221177323825100e-01 8.845213295897110806e-01
4.600000000000000000e+01 2.918189681939112323e-01 8.883253328502852542e-01
4.600000000000000000e+01 2.994467264753271629e-01 8.834344715152613325e-01
4.700000000000000000e+01 3.400331856654849605e-01 8.678561724481478334e-01
4.700000000000000000e+01 3.100731654537453585e-01 8.808078978353409694e-01
4.700000000000000000e+01 3.028917298501664912e-01 8.854270446517525928e-01
4.700000000000000000e+01 2.992040986460196006e-01 8.872384747758355061e-01
4.700000000000000000e+01 2.970479508632168919e-01 8.864233312199981674e-01
4.700000000000000000e+01 3.015222175680870031e-01 8.856987591703650020e-01
4.700000000000000000e+01 2.993717749223764879e-01 8.868761887510189235e-01
4.700000000000000000e+01 2.950110452394371641e-01 8.876913323068562622e-01
4.700000000000000000e+01 2.921957236572908512e-01 8.878724753192646091e-01
4.700000000000000000e+01 2.967772534746763724e-01 8.851553301331400725e-01
4.700000000000000000e+01 2.910574738801238737e-01 8.885064758626936010e-01
4.700000000000000000e+01 2.893109075253997853e-01 8.897744769495516959e-01
4.700000000000000000e+01 2.893220442948020721e-01 8.892310479123267664e-01
4.700000000000000000e+01 2.881667167252615624e-01 8.904084774929806878e-01
4.700000000000000000e+01 2.917329949813963208e-01 8.839779005524861510e-01
4.800000000000000000e+01 3.372688073106160922e-01 8.727470337831718661e-01
4.800000000000000000e+01 3.133962935195195865e-01 8.812607553663617255e-01
4.800000000000000000e+01 3.078778030294457846e-01 8.834344715152613325e-01
4.800000000000000000e+01 3.047265726610708936e-01 8.825287564532198203e-01
4.800000000000000000e+01 3.042645921643286067e-01 8.840684720586903245e-01
4.800000000000000000e+01 3.003726111005435295e-01 8.852459016393442459e-01
4.800000000000000000e+01 3.077995605702792958e-01 8.796304682546870479e-01
4.800000000000000000e+01 2.978871801222519600e-01 8.859704736889774113e-01
4.800000000000000000e+01 3.008707005503614140e-01 8.840684720586903245e-01
4.800000000000000000e+01 3.033891779602213568e-01 8.846119010959152540e-01
4.800000000000000000e+01 2.982133500818350269e-01 8.848836156145276632e-01
4.800000000000000000e+01 2.969955087052580378e-01 8.849741871207318367e-01
4.800000000000000000e+01 2.923286711673143135e-01 8.866044742324065142e-01
4.800000000000000000e+01 2.933683961648698713e-01 8.856081876641608286e-01
4.800000000000000000e+01 2.965699582118470068e-01 8.840684720586903245e-01
4.900000000000000000e+01 3.360113453090217139e-01 8.684901729915768254e-01
4.900000000000000000e+01 3.151188035313042812e-01 8.813513268725658989e-01
4.900000000000000000e+01 3.062756016710279638e-01 8.847024726021194274e-01
4.900000000000000000e+01 3.050823033328101674e-01 8.842496150710986713e-01
4.900000000000000000e+01 3.032204390257329241e-01 8.844307580835069071e-01
4.900000000000000000e+01 3.021114141692299304e-01 8.851553301331400725e-01
4.900000000000000000e+01 2.992437538462821567e-01 8.873290462820396796e-01
4.900000000000000000e+01 3.017042650342006693e-01 8.834344715152613325e-01
4.900000000000000000e+01 3.010298628144515432e-01 8.852459016393442459e-01
4.900000000000000000e+01 2.971535972836932826e-01 8.846119010959152540e-01
4.900000000000000000e+01 2.924163340837706015e-01 8.885064758626936010e-01
4.900000000000000000e+01 3.041046599512048365e-01 8.823476134408114735e-01
4.900000000000000000e+01 2.923587304672831677e-01 8.875101892944479154e-01
4.900000000000000000e+01 2.994773216246867653e-01 8.847024726021194274e-01
4.900000000000000000e+01 2.926770059566927151e-01 8.868761887510189235e-01
5.000000000000000000e+01 3.354759292639972745e-01 8.741056063762340234e-01
5.000000000000000000e+01 3.137354218954485630e-01 8.794493252422788121e-01
5.000000000000000000e+01 3.049587142754057179e-01 8.825287564532198203e-01
5.000000000000000000e+01 2.995609680523068641e-01 8.861516167013857581e-01
5.000000000000000000e+01 2.974944827210302400e-01 8.864233312199981674e-01
5.000000000000000000e+01 2.954349699934904483e-01 8.863327597137939939e-01
5.000000000000000000e+01 2.936944618183068845e-01 8.876913323068562622e-01
5.000000000000000000e+01 2.972276276245518489e-01 8.830721854904447499e-01
5.000000000000000000e+01 2.928206920257062085e-01 8.876007608006520888e-01
5.000000000000000000e+01 2.955784153600188313e-01 8.830721854904447499e-01
5.000000000000000000e+01 2.917019095631036008e-01 8.859704736889774113e-01
5.000000000000000000e+01 2.875517935609041009e-01 8.901367629743682786e-01
5.000000000000000000e+01 2.886569841629683664e-01 8.889593333937143571e-01
5.000000000000000000e+01 2.904626530518185090e-01 8.861516167013857581e-01
5.000000000000000000e+01 2.883049253759749631e-01 8.864233312199981674e-01
5.100000000000000000e+01 3.327454684744042823e-01 8.735621773390090938e-01
5.100000000000000000e+01 3.138248388155575608e-01 8.807173263291369070e-01
5.100000000000000000e+01 3.133656793054904188e-01 8.808078978353409694e-01
5.100000000000000000e+01 3.076779586221669027e-01 8.824381849470156469e-01
5.100000000000000000e+01 3.009504297120718652e-01 8.854270446517525928e-01
5.100000000000000000e+01 3.012223045813447464e-01 8.858799021827733489e-01
5.100000000000000000e+01 2.987430716107121187e-01 8.876913323068562622e-01
5.100000000000000000e+01 2.995642098750984639e-01 8.856081876641608286e-01
5.100000000000000000e+01 2.938999518106895081e-01 8.876913323068562622e-01
5.100000000000000000e+01 2.925914715094347085e-01 8.871479032696313327e-01
5.100000000000000000e+01 2.980996790522724149e-01 8.856987591703650020e-01
5.100000000000000000e+01 2.938284133950658239e-01 8.891404764061225929e-01
5.100000000000000000e+01 2.921657243507523871e-01 8.883253328502852542e-01
5.100000000000000000e+01 2.893969575043141007e-01 8.875101892944479154e-01
5.100000000000000000e+01 2.942939567307195636e-01 8.859704736889774113e-01
5.200000000000000000e+01 3.368918437460076132e-01 8.743773208948464326e-01
5.200000000000000000e+01 3.135736477616756224e-01 8.809890408477493162e-01
5.200000000000000000e+01 3.089051212871762875e-01 8.829816139842405764e-01
5.200000000000000000e+01 3.042085049650085637e-01 8.850647586269360101e-01
5.200000000000000000e+01 3.024410060575686843e-01 8.830721854904447499e-01
5.200000000000000000e+01 3.034793855943683782e-01 8.839779005524861510e-01
5.200000000000000000e+01 3.007114150203806235e-01 8.851553301331400725e-01
5.200000000000000000e+01 3.041111469095161834e-01 8.798116112670953948e-01
5.200000000000000000e+01 2.999062054962548518e-01 8.854270446517525928e-01
5.200000000000000000e+01 2.986385961159187530e-01 8.849741871207318367e-01
5.200000000000000000e+01 3.038254826178006240e-01 8.797210397608912213e-01
5.200000000000000000e+01 3.418039883016172342e-01 8.527307309120550904e-01
5.200000000000000000e+01 3.038944258178752911e-01 8.791776107236662918e-01
5.200000000000000000e+01 3.060460649602459449e-01 8.775473236119916143e-01
5.200000000000000000e+01 3.032428993638606740e-01 8.777284666243999611e-01
5.300000000000000000e+01 3.314679703566523750e-01 8.722036047459469366e-01
5.300000000000000000e+01 3.130414371369694138e-01 8.779096096368083080e-01
5.300000000000000000e+01 3.069084854261741602e-01 8.828910424780364030e-01
5.300000000000000000e+01 3.039061687521895649e-01 8.847024726021194274e-01
5.300000000000000000e+01 2.983891091749443225e-01 8.847930441083234898e-01
5.300000000000000000e+01 3.039033360820069252e-01 8.804456118105243867e-01
5.300000000000000000e+01 3.005880418652651653e-01 8.849741871207318367e-01
5.300000000000000000e+01 2.968810475099987745e-01 8.861516167013857581e-01
5.300000000000000000e+01 2.939010729787442933e-01 8.878724753192646091e-01
5.300000000000000000e+01 2.977951470072371376e-01 8.881441898378770183e-01
5.300000000000000000e+01 2.922699596280647349e-01 8.904990489991848612e-01
5.300000000000000000e+01 2.899051687656819531e-01 8.894121909247351132e-01
5.300000000000000000e+01 2.909805881642463787e-01 8.887781903813060103e-01
5.300000000000000000e+01 2.927834909229320992e-01 8.885064758626936010e-01
5.300000000000000000e+01 2.890637548514454758e-01 8.900461914681641051e-01
5.400000000000000000e+01 3.335546847298015982e-01 8.739244633638257875e-01
5.400000000000000000e+01 3.145498906284319163e-01 8.781813241554207172e-01
5.400000000000000000e+01 3.055273742747903198e-01 8.824381849470156469e-01
5.400000000000000000e+01 3.027127310354034706e-01 8.834344715152613325e-01
5.400000000000000000e+01 2.987357287326448674e-01 8.857893306765691754e-01
5.400000000000000000e+01 2.974489483174534432e-01 8.851553301331400725e-01
5.400000000000000000e+01 2.952679372307189243e-01 8.874196177882438530e-01
5.400000000000000000e+01 2.968064920252697081e-01 8.856987591703650020e-01
5.400000000000000000e+01 2.957326140580732732e-01 8.837061860338737418e-01
5.400000000000000000e+01 3.170628064566275439e-01 8.708450321528846683e-01
5.400000000000000000e+01 2.970777829846477647e-01 8.851553301331400725e-01
5.400000000000000000e+01 2.917361678765537092e-01 8.879630468254686715e-01
5.400000000000000000e+01 2.893715972993528562e-01 8.891404764061225929e-01
5.400000000000000000e+01 2.882508853741197474e-01 8.886876188751019479e-01
5.400000000000000000e+01 2.884763317141981753e-01 8.874196177882438530e-01
5.500000000000000000e+01 3.347519185074694925e-01 8.757358934879087009e-01
5.500000000000000000e+01 3.170580891375240351e-01 8.756453219817045275e-01
5.500000000000000000e+01 3.202628140424562675e-01 8.778190381306041346e-01
5.500000000000000000e+01 3.079106807148647706e-01 8.826193279594239938e-01
5.500000000000000000e+01 3.152262861401958216e-01 8.782718956616248906e-01
5.500000000000000000e+01 3.079028589519484660e-01 8.808078978353409694e-01
5.500000000000000000e+01 3.042379308708474950e-01 8.837061860338737418e-01
5.500000000000000000e+01 3.062809496373090079e-01 8.845213295897110806e-01
5.500000000000000000e+01 3.081000018093266735e-01 8.817136128973824816e-01
5.500000000000000000e+01 3.121829402115031127e-01 8.762793225251336304e-01
5.500000000000000000e+01 3.070416572513045561e-01 8.777284666243999611e-01
5.500000000000000000e+01 3.243865751998111779e-01 8.757358934879087009e-01
5.500000000000000000e+01 3.073532371797160767e-01 8.790870392174622294e-01
5.500000000000000000e+01 2.999571649179041399e-01 8.848836156145276632e-01
5.500000000000000000e+01 3.192951159218383461e-01 8.676750294357394866e-01
5.600000000000000000e+01 3.355458345480009097e-01 8.741056063762340234e-01
5.600000000000000000e+01 3.251303832371693070e-01 8.753736074630921182e-01
5.600000000000000000e+01 3.075481436860459938e-01 8.813513268725658989e-01
5.600000000000000000e+01 3.053528209659399639e-01 8.825287564532198203e-01
5.600000000000000000e+01 3.044362026473625416e-01 8.827098994656281672e-01
5.600000000000000000e+01 3.045500170014309171e-01 8.818947559097908284e-01
5.600000000000000000e+01 3.008081061807958978e-01 8.845213295897110806e-01
5.600000000000000000e+01 3.023699604396954954e-01 8.818947559097908284e-01
5.600000000000000000e+01 3.019760892586120238e-01 8.829816139842405764e-01
5.600000000000000000e+01 2.983991457525171365e-01 8.848836156145276632e-01
5.600000000000000000e+01 2.986858462091007693e-01 8.841590435648944979e-01
5.600000000000000000e+01 2.972528082938322158e-01 8.859704736889774113e-01
5.600000000000000000e+01 3.000083156231809212e-01 8.832533285028529857e-01
5.600000000000000000e+01 3.016054222694537490e-01 8.809890408477493162e-01
5.600000000000000000e+01 3.118806070806693365e-01 8.751018929444797090e-01
5.700000000000000000e+01 3.392321515332427651e-01 8.751924644506837714e-01
5.700000000000000000e+01 3.300154270930924505e-01 8.744678924010506060e-01
5.700000000000000000e+01 3.120285027828119673e-01 8.813513268725658989e-01
5.700000000000000000e+01 3.078640117161950962e-01 8.799927542795036306e-01
5.700000000000000000e+01 3.120698505921164490e-01 8.787247531926456467e-01
5.700000000000000000e+01 3.059639457375401550e-01 8.819853274159948908e-01
5.700000000000000000e+01 3.052104044290283591e-01 8.817136128973824816e-01
5.700000000000000000e+01 3.171469609694223535e-01 8.748301784258671887e-01
5.700000000000000000e+01 3.056930196825365931e-01 8.805361833167285601e-01
5.700000000000000000e+01 3.221106067594313171e-01 8.693958880536183376e-01
5.700000000000000000e+01 3.051268537869802899e-01 8.818947559097908284e-01
5.700000000000000000e+01 3.042078902421522790e-01 8.837061860338737418e-01
5.700000000000000000e+01 3.060739298757091942e-01 8.819853274159948908e-01
5.700000000000000000e+01 3.126966021367717508e-01 8.780907526492165438e-01
5.700000000000000000e+01 3.073421844307236417e-01 8.745584639072547795e-01
5.800000000000000000e+01 3.387911999461918344e-01 8.734716058328050314e-01
5.800000000000000000e+01 3.155011753302825461e-01 8.812607553663617255e-01
5.800000000000000000e+01 3.058600847182270654e-01 8.814418983787700723e-01
5.800000000000000000e+01 3.059063847200559905e-01 8.814418983787700723e-01
5.800000000000000000e+01 3.046182899470329941e-01 8.855176161579566552e-01
5.800000000000000000e+01 2.981288018021273634e-01 8.853364731455484193e-01
5.800000000000000000e+01 2.981533707477933004e-01 8.837061860338737418e-01
5.800000000000000000e+01 2.998036708632459968e-01 8.847930441083234898e-01
5.800000000000000000e+01 2.993286513027028639e-01 8.828004709718322296e-01
5.800000000000000000e+01 2.932000408607999820e-01 8.866044742324065142e-01
5.800000000000000000e+01 2.940545047181817306e-01 8.855176161579566552e-01
5.800000000000000000e+01 3.063352104710638235e-01 8.760076080065211102e-01
5.800000000000000000e+01 2.951003649733131007e-01 8.840684720586903245e-01
5.800000000000000000e+01 2.962323338071266576e-01 8.792681822298704652e-01
5.800000000000000000e+01 2.941035277664681979e-01 8.838873290462820886e-01
